 Eigenvalues (hartree) for nkpt=  32  k points:
 kpt#   1, nband= 50, wtk=  0.03125, kpt=  0.1250  0.1250  0.1250 (reduced coord)
  -2.10113   -1.15203   -1.15202   -1.15202   -0.96527   -0.42839   -0.38629   -0.38629
  -0.30392   -0.30392   -0.29801    0.08312    0.09774    0.09774    0.14333    0.14333
   0.16821    0.18079    0.19240    0.19240    0.27895    0.28264    0.28264    0.37033
   0.37033    0.44811    0.44811    0.48883    0.54658    0.54658    0.54847    0.77480
   0.83718    0.83718    0.87088    0.89669    0.95447    0.95447    0.99397    0.99397
   1.04714    1.05324    1.05324    1.07697    1.13021    1.23036    1.23036    1.32423
   1.33968    1.33968
 kpt#   2, nband= 50, wtk=  0.03125, kpt=  0.3750  0.1250  0.1250 (reduced coord)
  -2.10111   -1.15303   -1.15198   -1.15198   -0.96445   -0.42870   -0.38534   -0.38330
  -0.30544   -0.29908   -0.28841    0.05339    0.08604    0.09874    0.10182    0.11042
   0.15414    0.17033    0.17292    0.18159    0.28401    0.32178    0.32252    0.36985
   0.43097    0.49438    0.50117    0.53810    0.54990    0.56693    0.60100    0.72281
   0.78098    0.81285    0.84309    0.84379    0.92950    0.93668    0.95547    0.98796
   0.98845    1.05808    1.08573    1.11074    1.15478    1.18353    1.18740    1.25216
   1.31110    1.36799
 kpt#   3, nband= 50, wtk=  0.03125, kpt= -0.3750  0.1250  0.1250 (reduced coord)
  -2.10111   -1.15303   -1.15198   -1.15198   -0.96445   -0.42870   -0.38534   -0.38330
  -0.30544   -0.29908   -0.28841    0.05339    0.08604    0.09874    0.10182    0.11042
   0.15414    0.17033    0.17292    0.18159    0.28401    0.32178    0.32252    0.36985
   0.43097    0.49438    0.50117    0.53810    0.54990    0.56693    0.60100    0.72281
   0.78098    0.81285    0.84309    0.84379    0.92950    0.93668    0.95547    0.98796
   0.98845    1.05808    1.08573    1.11074    1.15478    1.18353    1.18740    1.25216
   1.31110    1.36799
 kpt#   4, nband= 50, wtk=  0.03125, kpt= -0.1250  0.1250  0.1250 (reduced coord)
  -2.10113   -1.15203   -1.15202   -1.15202   -0.96527   -0.42839   -0.38629   -0.38629
  -0.30392   -0.30392   -0.29801    0.08312    0.09774    0.09774    0.14333    0.14333
   0.16821    0.18079    0.19240    0.19240    0.27895    0.28264    0.28264    0.37033
   0.37033    0.44811    0.44811    0.48883    0.54658    0.54658    0.54847    0.77480
   0.83718    0.83718    0.87088    0.89669    0.95447    0.95447    0.99397    0.99397
   1.04714    1.05324    1.05324    1.07697    1.13021    1.23036    1.23036    1.32423
   1.33968    1.33968
 kpt#   5, nband= 50, wtk=  0.03125, kpt=  0.1250  0.3750  0.1250 (reduced coord)
  -2.10111   -1.15303   -1.15198   -1.15198   -0.96445   -0.42870   -0.38534   -0.38330
  -0.30544   -0.29908   -0.28841    0.05339    0.08604    0.09874    0.10182    0.11042
   0.15414    0.17033    0.17292    0.18159    0.28401    0.32178    0.32252    0.36985
   0.43097    0.49438    0.50117    0.53810    0.54990    0.56693    0.60100    0.72281
   0.78098    0.81285    0.84309    0.84379    0.92950    0.93668    0.95547    0.98796
   0.98845    1.05808    1.08573    1.11074    1.15478    1.18353    1.18740    1.25216
   1.31110    1.36799
 kpt#   6, nband= 50, wtk=  0.03125, kpt=  0.3750  0.3750  0.1250 (reduced coord)
  -2.10109   -1.15297   -1.15295   -1.15193   -0.96379   -0.41229   -0.39234   -0.38377
  -0.30502   -0.29663   -0.29221    0.04464    0.05733    0.06419    0.09635    0.10366
   0.12900    0.16942    0.17458    0.21048    0.32281    0.32493    0.33482    0.39654
   0.47630    0.51702    0.53187    0.54845    0.55798    0.58152    0.63531    0.72093
   0.73089    0.78618    0.80281    0.80825    0.83542    0.88848    0.99725    1.01238
   1.02147    1.08430    1.10976    1.14033    1.14323    1.17559    1.20166    1.26051
   1.28674    1.32850
 kpt#   7, nband= 50, wtk=  0.03125, kpt= -0.3750  0.3750  0.1250 (reduced coord)
  -2.10109   -1.15297   -1.15295   -1.15193   -0.96379   -0.41229   -0.39234   -0.38377
  -0.30502   -0.29663   -0.29221    0.04464    0.05733    0.06419    0.09635    0.10366
   0.12900    0.16942    0.17458    0.21048    0.32281    0.32493    0.33482    0.39654
   0.47630    0.51702    0.53187    0.54845    0.55798    0.58152    0.63531    0.72093
   0.73089    0.78618    0.80281    0.80825    0.83542    0.88848    0.99725    1.01238
   1.02147    1.08430    1.10976    1.14033    1.14323    1.17559    1.20166    1.26051
   1.28674    1.32850
 kpt#   8, nband= 50, wtk=  0.03125, kpt= -0.1250  0.3750  0.1250 (reduced coord)
  -2.10111   -1.15303   -1.15198   -1.15198   -0.96445   -0.42870   -0.38534   -0.38330
  -0.30544   -0.29908   -0.28841    0.05339    0.08604    0.09874    0.10182    0.11042
   0.15414    0.17033    0.17292    0.18159    0.28401    0.32178    0.32252    0.36985
   0.43097    0.49438    0.50117    0.53810    0.54990    0.56693    0.60100    0.72281
   0.78098    0.81285    0.84309    0.84379    0.92950    0.93668    0.95547    0.98796
   0.98845    1.05808    1.08573    1.11074    1.15478    1.18353    1.18740    1.25216
   1.31110    1.36799
 kpt#   9, nband= 50, wtk=  0.03125, kpt=  0.1250 -0.3750  0.1250 (reduced coord)
  -2.10111   -1.15303   -1.15198   -1.15198   -0.96445   -0.42870   -0.38534   -0.38330
  -0.30544   -0.29908   -0.28841    0.05339    0.08604    0.09874    0.10182    0.11042
   0.15414    0.17033    0.17292    0.18159    0.28401    0.32178    0.32252    0.36985
   0.43097    0.49438    0.50117    0.53810    0.54990    0.56693    0.60100    0.72281
   0.78098    0.81285    0.84309    0.84379    0.92950    0.93668    0.95547    0.98796
   0.98845    1.05808    1.08573    1.11074    1.15478    1.18353    1.18740    1.25216
   1.31110    1.36799
 kpt#  10, nband= 50, wtk=  0.03125, kpt=  0.3750 -0.3750  0.1250 (reduced coord)
  -2.10109   -1.15297   -1.15295   -1.15193   -0.96379   -0.41229   -0.39234   -0.38377
  -0.30502   -0.29663   -0.29221    0.04464    0.05733    0.06419    0.09635    0.10366
   0.12900    0.16942    0.17458    0.21048    0.32281    0.32493    0.33482    0.39654
   0.47630    0.51702    0.53187    0.54845    0.55798    0.58152    0.63531    0.72093
   0.73089    0.78618    0.80281    0.80825    0.83542    0.88848    0.99725    1.01238
   1.02147    1.08430    1.10976    1.14033    1.14323    1.17559    1.20166    1.26051
   1.28674    1.32850
 kpt#  11, nband= 50, wtk=  0.03125, kpt= -0.3750 -0.3750  0.1250 (reduced coord)
  -2.10109   -1.15297   -1.15295   -1.15193   -0.96379   -0.41229   -0.39234   -0.38377
  -0.30502   -0.29663   -0.29221    0.04464    0.05733    0.06419    0.09635    0.10366
   0.12900    0.16942    0.17458    0.21048    0.32281    0.32493    0.33482    0.39654
   0.47630    0.51702    0.53187    0.54845    0.55798    0.58152    0.63531    0.72093
   0.73089    0.78618    0.80281    0.80825    0.83542    0.88848    0.99725    1.01238
   1.02147    1.08430    1.10976    1.14033    1.14323    1.17559    1.20166    1.26051
   1.28674    1.32850
 kpt#  12, nband= 50, wtk=  0.03125, kpt= -0.1250 -0.3750  0.1250 (reduced coord)
  -2.10111   -1.15303   -1.15198   -1.15198   -0.96445   -0.42870   -0.38534   -0.38330
  -0.30544   -0.29908   -0.28841    0.05339    0.08604    0.09874    0.10182    0.11042
   0.15414    0.17033    0.17292    0.18159    0.28401    0.32178    0.32252    0.36985
   0.43097    0.49438    0.50117    0.53810    0.54990    0.56693    0.60100    0.72281
   0.78098    0.81285    0.84309    0.84379    0.92950    0.93668    0.95547    0.98796
   0.98845    1.05808    1.08573    1.11074    1.15478    1.18353    1.18740    1.25216
   1.31110    1.36799
 kpt#  13, nband= 50, wtk=  0.03125, kpt=  0.1250 -0.1250  0.1250 (reduced coord)
  -2.10113   -1.15203   -1.15202   -1.15202   -0.96527   -0.42839   -0.38629   -0.38629
  -0.30392   -0.30392   -0.29801    0.08312    0.09774    0.09774    0.14333    0.14333
   0.16821    0.18079    0.19240    0.19240    0.27895    0.28264    0.28264    0.37033
   0.37033    0.44811    0.44811    0.48883    0.54658    0.54658    0.54847    0.77480
   0.83718    0.83718    0.87088    0.89669    0.95447    0.95447    0.99397    0.99397
   1.04714    1.05324    1.05324    1.07697    1.13021    1.23036    1.23036    1.32423
   1.33968    1.33968
 kpt#  14, nband= 50, wtk=  0.03125, kpt=  0.3750 -0.1250  0.1250 (reduced coord)
  -2.10111   -1.15303   -1.15198   -1.15198   -0.96445   -0.42870   -0.38534   -0.38330
  -0.30544   -0.29908   -0.28841    0.05339    0.08604    0.09874    0.10182    0.11042
   0.15414    0.17033    0.17292    0.18159    0.28401    0.32178    0.32252    0.36985
   0.43097    0.49438    0.50117    0.53810    0.54990    0.56693    0.60100    0.72281
   0.78098    0.81285    0.84309    0.84379    0.92950    0.93668    0.95547    0.98796
   0.98845    1.05808    1.08573    1.11074    1.15478    1.18353    1.18740    1.25216
   1.31110    1.36799
 kpt#  15, nband= 50, wtk=  0.03125, kpt= -0.3750 -0.1250  0.1250 (reduced coord)
  -2.10111   -1.15303   -1.15198   -1.15198   -0.96445   -0.42870   -0.38534   -0.38330
  -0.30544   -0.29908   -0.28841    0.05339    0.08604    0.09874    0.10182    0.11042
   0.15414    0.17033    0.17292    0.18159    0.28401    0.32178    0.32252    0.36985
   0.43097    0.49438    0.50117    0.53810    0.54990    0.56693    0.60100    0.72281
   0.78098    0.81285    0.84309    0.84379    0.92950    0.93668    0.95547    0.98796
   0.98845    1.05808    1.08573    1.11074    1.15478    1.18353    1.18740    1.25216
   1.31110    1.36799
 kpt#  16, nband= 50, wtk=  0.03125, kpt= -0.1250 -0.1250  0.1250 (reduced coord)
  -2.10113   -1.15203   -1.15202   -1.15202   -0.96527   -0.42839   -0.38629   -0.38629
  -0.30392   -0.30392   -0.29801    0.08312    0.09774    0.09774    0.14333    0.14333
   0.16821    0.18079    0.19240    0.19240    0.27895    0.28264    0.28264    0.37033
   0.37033    0.44811    0.44811    0.48883    0.54658    0.54658    0.54847    0.77480
   0.83718    0.83718    0.87088    0.89669    0.95447    0.95447    0.99397    0.99397
   1.04714    1.05324    1.05324    1.07697    1.13021    1.23036    1.23036    1.32423
   1.33968    1.33968
 kpt#  17, nband= 50, wtk=  0.03125, kpt=  0.1250  0.1250  0.3750 (reduced coord)
  -2.10111   -1.15303   -1.15198   -1.15198   -0.96445   -0.42870   -0.38534   -0.38330
  -0.30544   -0.29908   -0.28841    0.05339    0.08604    0.09874    0.10182    0.11042
   0.15414    0.17033    0.17292    0.18159    0.28401    0.32178    0.32252    0.36985
   0.43097    0.49438    0.50117    0.53810    0.54990    0.56693    0.60100    0.72281
   0.78098    0.81285    0.84309    0.84379    0.92950    0.93668    0.95547    0.98796
   0.98845    1.05808    1.08573    1.11074    1.15478    1.18353    1.18740    1.25216
   1.31110    1.36799
 kpt#  18, nband= 50, wtk=  0.03125, kpt=  0.3750  0.1250  0.3750 (reduced coord)
  -2.10109   -1.15297   -1.15295   -1.15193   -0.96379   -0.41229   -0.39234   -0.38377
  -0.30502   -0.29663   -0.29221    0.04464    0.05733    0.06419    0.09635    0.10366
   0.12900    0.16942    0.17458    0.21048    0.32281    0.32493    0.33482    0.39654
   0.47630    0.51702    0.53187    0.54845    0.55798    0.58152    0.63531    0.72093
   0.73089    0.78618    0.80281    0.80825    0.83542    0.88848    0.99725    1.01238
   1.02147    1.08430    1.10976    1.14033    1.14323    1.17559    1.20166    1.26051
   1.28674    1.32850
 kpt#  19, nband= 50, wtk=  0.03125, kpt= -0.3750  0.1250  0.3750 (reduced coord)
  -2.10109   -1.15297   -1.15295   -1.15193   -0.96379   -0.41229   -0.39234   -0.38377
  -0.30502   -0.29663   -0.29221    0.04464    0.05733    0.06419    0.09635    0.10366
   0.12900    0.16942    0.17458    0.21048    0.32281    0.32493    0.33482    0.39654
   0.47630    0.51702    0.53187    0.54845    0.55798    0.58152    0.63531    0.72093
   0.73089    0.78618    0.80281    0.80825    0.83542    0.88848    0.99725    1.01238
   1.02147    1.08430    1.10976    1.14033    1.14323    1.17559    1.20166    1.26051
   1.28674    1.32850
 kpt#  20, nband= 50, wtk=  0.03125, kpt= -0.1250  0.1250  0.3750 (reduced coord)
  -2.10111   -1.15303   -1.15198   -1.15198   -0.96445   -0.42870   -0.38534   -0.38330
  -0.30544   -0.29908   -0.28841    0.05339    0.08604    0.09874    0.10182    0.11042
   0.15414    0.17033    0.17292    0.18159    0.28401    0.32178    0.32252    0.36985
   0.43097    0.49438    0.50117    0.53810    0.54990    0.56693    0.60100    0.72281
   0.78098    0.81285    0.84309    0.84379    0.92950    0.93668    0.95547    0.98796
   0.98845    1.05808    1.08573    1.11074    1.15478    1.18353    1.18740    1.25216
   1.31110    1.36799
 kpt#  21, nband= 50, wtk=  0.03125, kpt=  0.1250  0.3750  0.3750 (reduced coord)
  -2.10109   -1.15297   -1.15295   -1.15193   -0.96379   -0.41229   -0.39234   -0.38377
  -0.30502   -0.29663   -0.29221    0.04464    0.05733    0.06419    0.09635    0.10366
   0.12900    0.16942    0.17458    0.21048    0.32281    0.32493    0.33482    0.39654
   0.47630    0.51702    0.53187    0.54845    0.55798    0.58152    0.63531    0.72093
   0.73089    0.78618    0.80281    0.80825    0.83542    0.88848    0.99725    1.01238
   1.02147    1.08430    1.10976    1.14033    1.14323    1.17559    1.20166    1.26051
   1.28674    1.32850
 kpt#  22, nband= 50, wtk=  0.03125, kpt=  0.3750  0.3750  0.3750 (reduced coord)
  -2.10106   -1.15291   -1.15290   -1.15290   -0.96315   -0.39555   -0.38172   -0.38172
  -0.31236   -0.31236   -0.30264    0.04099    0.06474    0.06474    0.07092    0.08193
   0.08193    0.20575    0.20575    0.21479    0.33995    0.34129    0.34129    0.47363
   0.47363    0.50361    0.50968    0.50968    0.57491    0.57491    0.62817    0.73342
   0.76942    0.76942    0.81084    0.85761    0.87131    0.87131    0.93672    0.93672
   0.97645    1.08132    1.12182    1.12182    1.18354    1.18354    1.22868    1.27517
   1.31919    1.31919
 kpt#  23, nband= 50, wtk=  0.03125, kpt= -0.3750  0.3750  0.3750 (reduced coord)
  -2.10106   -1.15291   -1.15290   -1.15290   -0.96315   -0.39555   -0.38172   -0.38172
  -0.31236   -0.31236   -0.30264    0.04099    0.06474    0.06474    0.07092    0.08193
   0.08193    0.20575    0.20575    0.21479    0.33995    0.34129    0.34129    0.47363
   0.47363    0.50361    0.50968    0.50968    0.57491    0.57491    0.62817    0.73342
   0.76942    0.76942    0.81084    0.85761    0.87131    0.87131    0.93672    0.93672
   0.97645    1.08132    1.12182    1.12182    1.18354    1.18354    1.22868    1.27517
   1.31919    1.31919
 kpt#  24, nband= 50, wtk=  0.03125, kpt= -0.1250  0.3750  0.3750 (reduced coord)
  -2.10109   -1.15297   -1.15295   -1.15193   -0.96379   -0.41229   -0.39234   -0.38377
  -0.30502   -0.29663   -0.29221    0.04464    0.05733    0.06419    0.09635    0.10366
   0.12900    0.16942    0.17458    0.21048    0.32281    0.32493    0.33482    0.39654
   0.47630    0.51702    0.53187    0.54845    0.55798    0.58152    0.63531    0.72093
   0.73089    0.78618    0.80281    0.80825    0.83542    0.88848    0.99725    1.01238
   1.02147    1.08430    1.10976    1.14033    1.14323    1.17559    1.20166    1.26051
   1.28674    1.32850
 kpt#  25, nband= 50, wtk=  0.03125, kpt=  0.1250 -0.3750  0.3750 (reduced coord)
  -2.10109   -1.15297   -1.15295   -1.15193   -0.96379   -0.41229   -0.39234   -0.38377
  -0.30502   -0.29663   -0.29221    0.04464    0.05733    0.06419    0.09635    0.10366
   0.12900    0.16942    0.17458    0.21048    0.32281    0.32493    0.33482    0.39654
   0.47630    0.51702    0.53187    0.54845    0.55798    0.58152    0.63531    0.72093
   0.73089    0.78618    0.80281    0.80825    0.83542    0.88848    0.99725    1.01238
   1.02147    1.08430    1.10976    1.14033    1.14323    1.17559    1.20166    1.26051
   1.28674    1.32850
 kpt#  26, nband= 50, wtk=  0.03125, kpt=  0.3750 -0.3750  0.3750 (reduced coord)
  -2.10106   -1.15291   -1.15290   -1.15290   -0.96315   -0.39555   -0.38172   -0.38172
  -0.31236   -0.31236   -0.30264    0.04099    0.06474    0.06474    0.07092    0.08193
   0.08193    0.20575    0.20575    0.21479    0.33995    0.34129    0.34129    0.47363
   0.47363    0.50361    0.50968    0.50968    0.57491    0.57491    0.62817    0.73342
   0.76942    0.76942    0.81084    0.85761    0.87131    0.87131    0.93672    0.93672
   0.97645    1.08132    1.12182    1.12182    1.18354    1.18354    1.22868    1.27517
   1.31919    1.31919
 kpt#  27, nband= 50, wtk=  0.03125, kpt= -0.3750 -0.3750  0.3750 (reduced coord)
  -2.10106   -1.15291   -1.15290   -1.15290   -0.96315   -0.39555   -0.38172   -0.38172
  -0.31236   -0.31236   -0.30264    0.04099    0.06474    0.06474    0.07092    0.08193
   0.08193    0.20575    0.20575    0.21479    0.33995    0.34129    0.34129    0.47363
   0.47363    0.50361    0.50968    0.50968    0.57491    0.57491    0.62817    0.73342
   0.76942    0.76942    0.81084    0.85761    0.87131    0.87131    0.93672    0.93672
   0.97645    1.08132    1.12182    1.12182    1.18354    1.18354    1.22868    1.27517
   1.31919    1.31919
 kpt#  28, nband= 50, wtk=  0.03125, kpt= -0.1250 -0.3750  0.3750 (reduced coord)
  -2.10109   -1.15297   -1.15295   -1.15193   -0.96379   -0.41229   -0.39234   -0.38377
  -0.30502   -0.29663   -0.29221    0.04464    0.05733    0.06419    0.09635    0.10366
   0.12900    0.16942    0.17458    0.21048    0.32281    0.32493    0.33482    0.39654
   0.47630    0.51702    0.53187    0.54845    0.55798    0.58152    0.63531    0.72093
   0.73089    0.78618    0.80281    0.80825    0.83542    0.88848    0.99725    1.01238
   1.02147    1.08430    1.10976    1.14033    1.14323    1.17559    1.20166    1.26051
   1.28674    1.32850
 kpt#  29, nband= 50, wtk=  0.03125, kpt=  0.1250 -0.1250  0.3750 (reduced coord)
  -2.10111   -1.15303   -1.15198   -1.15198   -0.96445   -0.42870   -0.38534   -0.38330
  -0.30544   -0.29908   -0.28841    0.05339    0.08604    0.09874    0.10182    0.11042
   0.15414    0.17033    0.17292    0.18159    0.28401    0.32178    0.32252    0.36985
   0.43097    0.49438    0.50117    0.53810    0.54990    0.56693    0.60100    0.72281
   0.78098    0.81285    0.84309    0.84379    0.92950    0.93668    0.95547    0.98796
   0.98845    1.05808    1.08573    1.11074    1.15478    1.18353    1.18740    1.25216
   1.31110    1.36799
 kpt#  30, nband= 50, wtk=  0.03125, kpt=  0.3750 -0.1250  0.3750 (reduced coord)
  -2.10109   -1.15297   -1.15295   -1.15193   -0.96379   -0.41229   -0.39234   -0.38377
  -0.30502   -0.29663   -0.29221    0.04464    0.05733    0.06419    0.09635    0.10366
   0.12900    0.16942    0.17458    0.21048    0.32281    0.32493    0.33482    0.39654
   0.47630    0.51702    0.53187    0.54845    0.55798    0.58152    0.63531    0.72093
   0.73089    0.78618    0.80281    0.80825    0.83542    0.88848    0.99725    1.01238
   1.02147    1.08430    1.10976    1.14033    1.14323    1.17559    1.20166    1.26051
   1.28674    1.32850
 kpt#  31, nband= 50, wtk=  0.03125, kpt= -0.3750 -0.1250  0.3750 (reduced coord)
  -2.10109   -1.15297   -1.15295   -1.15193   -0.96379   -0.41229   -0.39234   -0.38377
  -0.30502   -0.29663   -0.29221    0.04464    0.05733    0.06419    0.09635    0.10366
   0.12900    0.16942    0.17458    0.21048    0.32281    0.32493    0.33482    0.39654
   0.47630    0.51702    0.53187    0.54845    0.55798    0.58152    0.63531    0.72093
   0.73089    0.78618    0.80281    0.80825    0.83542    0.88848    0.99725    1.01238
   1.02147    1.08430    1.10976    1.14033    1.14323    1.17559    1.20166    1.26051
   1.28674    1.32850
 kpt#  32, nband= 50, wtk=  0.03125, kpt= -0.1250 -0.1250  0.3750 (reduced coord)
  -2.10111   -1.15303   -1.15198   -1.15198   -0.96445   -0.42870   -0.38534   -0.38330
  -0.30544   -0.29908   -0.28841    0.05339    0.08604    0.09874    0.10182    0.11042
   0.15414    0.17033    0.17292    0.18159    0.28401    0.32178    0.32252    0.36985
   0.43097    0.49438    0.50117    0.53810    0.54990    0.56693    0.60100    0.72281
   0.78098    0.81285    0.84309    0.84379    0.92950    0.93668    0.95547    0.98796
   0.98845    1.05808    1.08573    1.11074    1.15478    1.18353    1.18740    1.25216
   1.31110    1.36800
