 Fermi (or HOMO) energy (hartree) =   0.28551   Average Vxc (hartree)=  -0.43944
 Eigenvalues (hartree) for nkpt=  32  k points:
 kpt#   1, nband= 30, wtk=  0.03125, kpt=  0.1250  0.1250  0.1250 (reduced coord)
  -2.10113   -1.15203   -1.15202   -1.15202   -0.96527   -0.42839   -0.38629   -0.38629
  -0.30392   -0.30392   -0.29802    0.08312    0.09774    0.09774    0.14333    0.14333
   0.16821    0.18079    0.19240    0.19240    0.27895    0.28265    0.28265    0.37033
   0.37033    0.44811    0.44811    0.48883    0.54658    0.54661
 kpt#   2, nband= 30, wtk=  0.03125, kpt=  0.3750  0.1250  0.1250 (reduced coord)
  -2.10111   -1.15303   -1.15197   -1.15197   -0.96445   -0.42870   -0.38534   -0.38330
  -0.30544   -0.29908   -0.28841    0.05339    0.08604    0.09874    0.10182    0.11043
   0.15414    0.17033    0.17292    0.18159    0.28401    0.32178    0.32252    0.36985
   0.43098    0.49438    0.50117    0.53810    0.54990    0.56693
 kpt#   3, nband= 30, wtk=  0.03125, kpt= -0.3750  0.1250  0.1250 (reduced coord)
  -2.10111   -1.15303   -1.15197   -1.15197   -0.96445   -0.42870   -0.38534   -0.38330
  -0.30544   -0.29908   -0.28841    0.05339    0.08604    0.09874    0.10182    0.11043
   0.15414    0.17033    0.17292    0.18159    0.28401    0.32178    0.32252    0.36985
   0.43098    0.49438    0.50117    0.53810    0.54990    0.56693
 kpt#   4, nband= 30, wtk=  0.03125, kpt= -0.1250  0.1250  0.1250 (reduced coord)
  -2.10113   -1.15203   -1.15202   -1.15202   -0.96527   -0.42839   -0.38629   -0.38629
  -0.30392   -0.30392   -0.29802    0.08312    0.09774    0.09774    0.14333    0.14333
   0.16821    0.18079    0.19240    0.19240    0.27895    0.28265    0.28265    0.37033
   0.37033    0.44811    0.44811    0.48883    0.54658    0.54658
 kpt#   5, nband= 30, wtk=  0.03125, kpt=  0.1250  0.3750  0.1250 (reduced coord)
  -2.10111   -1.15303   -1.15197   -1.15197   -0.96445   -0.42870   -0.38534   -0.38330
  -0.30544   -0.29908   -0.28841    0.05339    0.08604    0.09874    0.10182    0.11043
   0.15414    0.17033    0.17292    0.18159    0.28401    0.32178    0.32252    0.36985
   0.43098    0.49438    0.50117    0.53810    0.54990    0.56693
 kpt#   6, nband= 30, wtk=  0.03125, kpt=  0.3750  0.3750  0.1250 (reduced coord)
  -2.10108   -1.15296   -1.15295   -1.15192   -0.96379   -0.41229   -0.39234   -0.38377
  -0.30503   -0.29663   -0.29221    0.04464    0.05733    0.06419    0.09636    0.10366
   0.12900    0.16942    0.17459    0.21048    0.32281    0.32494    0.33483    0.39655
   0.47630    0.51702    0.53187    0.54845    0.55798    0.58152
 kpt#   7, nband= 30, wtk=  0.03125, kpt= -0.3750  0.3750  0.1250 (reduced coord)
  -2.10108   -1.15296   -1.15295   -1.15192   -0.96379   -0.41229   -0.39234   -0.38377
  -0.30503   -0.29663   -0.29221    0.04464    0.05733    0.06419    0.09636    0.10366
   0.12900    0.16942    0.17459    0.21048    0.32281    0.32494    0.33483    0.39655
   0.47630    0.51702    0.53187    0.54845    0.55798    0.58152
 kpt#   8, nband= 30, wtk=  0.03125, kpt= -0.1250  0.3750  0.1250 (reduced coord)
  -2.10111   -1.15303   -1.15197   -1.15197   -0.96445   -0.42870   -0.38534   -0.38330
  -0.30544   -0.29908   -0.28841    0.05339    0.08604    0.09874    0.10182    0.11043
   0.15414    0.17033    0.17292    0.18159    0.28401    0.32178    0.32252    0.36985
   0.43098    0.49438    0.50117    0.53810    0.54990    0.56693
 kpt#   9, nband= 30, wtk=  0.03125, kpt=  0.1250 -0.3750  0.1250 (reduced coord)
  -2.10111   -1.15303   -1.15197   -1.15197   -0.96445   -0.42870   -0.38534   -0.38330
  -0.30544   -0.29908   -0.28841    0.05339    0.08604    0.09874    0.10182    0.11043
   0.15414    0.17033    0.17292    0.18159    0.28401    0.32178    0.32252    0.36985
   0.43098    0.49438    0.50117    0.53810    0.54990    0.56693
 kpt#  10, nband= 30, wtk=  0.03125, kpt=  0.3750 -0.3750  0.1250 (reduced coord)
  -2.10108   -1.15296   -1.15295   -1.15192   -0.96379   -0.41229   -0.39234   -0.38377
  -0.30503   -0.29663   -0.29221    0.04464    0.05733    0.06419    0.09636    0.10366
   0.12900    0.16942    0.17459    0.21048    0.32281    0.32494    0.33483    0.39655
   0.47630    0.51702    0.53187    0.54845    0.55798    0.58152
 kpt#  11, nband= 30, wtk=  0.03125, kpt= -0.3750 -0.3750  0.1250 (reduced coord)
  -2.10108   -1.15296   -1.15295   -1.15192   -0.96379   -0.41229   -0.39234   -0.38377
  -0.30503   -0.29663   -0.29221    0.04464    0.05733    0.06419    0.09636    0.10366
   0.12900    0.16942    0.17459    0.21048    0.32281    0.32494    0.33483    0.39655
   0.47630    0.51702    0.53187    0.54845    0.55798    0.58152
 kpt#  12, nband= 30, wtk=  0.03125, kpt= -0.1250 -0.3750  0.1250 (reduced coord)
  -2.10111   -1.15303   -1.15197   -1.15197   -0.96445   -0.42870   -0.38534   -0.38330
  -0.30544   -0.29908   -0.28841    0.05339    0.08604    0.09874    0.10182    0.11043
   0.15414    0.17033    0.17292    0.18159    0.28401    0.32178    0.32252    0.36985
   0.43098    0.49438    0.50117    0.53810    0.54990    0.56693
 kpt#  13, nband= 30, wtk=  0.03125, kpt=  0.1250 -0.1250  0.1250 (reduced coord)
  -2.10113   -1.15203   -1.15202   -1.15202   -0.96527   -0.42839   -0.38629   -0.38629
  -0.30392   -0.30392   -0.29802    0.08312    0.09774    0.09774    0.14333    0.14333
   0.16821    0.18079    0.19240    0.19240    0.27895    0.28265    0.28265    0.37033
   0.37033    0.44811    0.44811    0.48883    0.54658    0.54658
 kpt#  14, nband= 30, wtk=  0.03125, kpt=  0.3750 -0.1250  0.1250 (reduced coord)
  -2.10111   -1.15303   -1.15197   -1.15197   -0.96445   -0.42870   -0.38534   -0.38330
  -0.30544   -0.29908   -0.28841    0.05339    0.08604    0.09874    0.10182    0.11043
   0.15414    0.17033    0.17292    0.18159    0.28401    0.32178    0.32252    0.36985
   0.43098    0.49438    0.50117    0.53810    0.54990    0.56693
 kpt#  15, nband= 30, wtk=  0.03125, kpt= -0.3750 -0.1250  0.1250 (reduced coord)
  -2.10111   -1.15303   -1.15197   -1.15197   -0.96445   -0.42870   -0.38534   -0.38330
  -0.30544   -0.29908   -0.28841    0.05339    0.08604    0.09874    0.10182    0.11043
   0.15414    0.17033    0.17292    0.18159    0.28401    0.32178    0.32252    0.36985
   0.43098    0.49438    0.50117    0.53810    0.54990    0.56693
 kpt#  16, nband= 30, wtk=  0.03125, kpt= -0.1250 -0.1250  0.1250 (reduced coord)
  -2.10113   -1.15203   -1.15202   -1.15202   -0.96527   -0.42839   -0.38629   -0.38629
  -0.30392   -0.30392   -0.29802    0.08312    0.09774    0.09774    0.14333    0.14333
   0.16821    0.18079    0.19240    0.19240    0.27895    0.28265    0.28265    0.37033
   0.37033    0.44811    0.44811    0.48883    0.54658    0.54658
 kpt#  17, nband= 30, wtk=  0.03125, kpt=  0.1250  0.1250  0.3750 (reduced coord)
  -2.10111   -1.15303   -1.15197   -1.15197   -0.96445   -0.42870   -0.38534   -0.38330
  -0.30544   -0.29908   -0.28841    0.05339    0.08604    0.09874    0.10182    0.11043
   0.15414    0.17033    0.17292    0.18159    0.28401    0.32178    0.32252    0.36985
   0.43098    0.49438    0.50117    0.53810    0.54990    0.56693
 kpt#  18, nband= 30, wtk=  0.03125, kpt=  0.3750  0.1250  0.3750 (reduced coord)
  -2.10108   -1.15296   -1.15295   -1.15192   -0.96379   -0.41229   -0.39234   -0.38377
  -0.30503   -0.29663   -0.29221    0.04464    0.05733    0.06419    0.09636    0.10366
   0.12900    0.16942    0.17459    0.21048    0.32281    0.32494    0.33483    0.39655
   0.47630    0.51702    0.53187    0.54845    0.55798    0.58152
 kpt#  19, nband= 30, wtk=  0.03125, kpt= -0.3750  0.1250  0.3750 (reduced coord)
  -2.10108   -1.15296   -1.15295   -1.15192   -0.96379   -0.41229   -0.39234   -0.38377
  -0.30503   -0.29663   -0.29221    0.04464    0.05733    0.06419    0.09636    0.10366
   0.12900    0.16942    0.17459    0.21048    0.32281    0.32494    0.33483    0.39655
   0.47630    0.51702    0.53187    0.54845    0.55798    0.58152
 kpt#  20, nband= 30, wtk=  0.03125, kpt= -0.1250  0.1250  0.3750 (reduced coord)
  -2.10111   -1.15303   -1.15197   -1.15197   -0.96445   -0.42870   -0.38534   -0.38330
  -0.30544   -0.29908   -0.28841    0.05339    0.08604    0.09874    0.10182    0.11043
   0.15414    0.17033    0.17292    0.18159    0.28401    0.32178    0.32252    0.36985
   0.43098    0.49438    0.50117    0.53810    0.54990    0.56693
 kpt#  21, nband= 30, wtk=  0.03125, kpt=  0.1250  0.3750  0.3750 (reduced coord)
  -2.10108   -1.15296   -1.15295   -1.15192   -0.96379   -0.41229   -0.39234   -0.38377
  -0.30503   -0.29663   -0.29221    0.04464    0.05733    0.06419    0.09636    0.10366
   0.12900    0.16942    0.17459    0.21048    0.32281    0.32494    0.33483    0.39655
   0.47630    0.51702    0.53187    0.54845    0.55798    0.58152
 kpt#  22, nband= 30, wtk=  0.03125, kpt=  0.3750  0.3750  0.3750 (reduced coord)
  -2.10106   -1.15291   -1.15290   -1.15290   -0.96316   -0.39555   -0.38172   -0.38172
  -0.31236   -0.31236   -0.30264    0.04099    0.06474    0.06474    0.07092    0.08193
   0.08193    0.20575    0.20575    0.21480    0.33996    0.34129    0.34129    0.47363
   0.47363    0.50361    0.50968    0.50968    0.57491    0.57491
 kpt#  23, nband= 30, wtk=  0.03125, kpt= -0.3750  0.3750  0.3750 (reduced coord)
  -2.10106   -1.15291   -1.15290   -1.15290   -0.96316   -0.39555   -0.38172   -0.38172
  -0.31236   -0.31236   -0.30264    0.04099    0.06474    0.06474    0.07092    0.08193
   0.08193    0.20575    0.20575    0.21480    0.33996    0.34129    0.34129    0.47363
   0.47363    0.50361    0.50968    0.50968    0.57491    0.57491
 kpt#  24, nband= 30, wtk=  0.03125, kpt= -0.1250  0.3750  0.3750 (reduced coord)
  -2.10108   -1.15296   -1.15295   -1.15192   -0.96379   -0.41229   -0.39234   -0.38377
  -0.30503   -0.29663   -0.29221    0.04464    0.05733    0.06419    0.09636    0.10366
   0.12900    0.16942    0.17459    0.21048    0.32281    0.32494    0.33483    0.39655
   0.47630    0.51702    0.53187    0.54845    0.55798    0.58152
 kpt#  25, nband= 30, wtk=  0.03125, kpt=  0.1250 -0.3750  0.3750 (reduced coord)
  -2.10108   -1.15296   -1.15295   -1.15192   -0.96379   -0.41229   -0.39234   -0.38377
  -0.30503   -0.29663   -0.29221    0.04464    0.05733    0.06419    0.09636    0.10366
   0.12900    0.16942    0.17459    0.21048    0.32281    0.32494    0.33483    0.39655
   0.47630    0.51702    0.53187    0.54845    0.55798    0.58152
 kpt#  26, nband= 30, wtk=  0.03125, kpt=  0.3750 -0.3750  0.3750 (reduced coord)
  -2.10106   -1.15291   -1.15290   -1.15290   -0.96316   -0.39555   -0.38172   -0.38172
  -0.31236   -0.31236   -0.30264    0.04099    0.06474    0.06474    0.07092    0.08193
   0.08193    0.20575    0.20575    0.21480    0.33996    0.34129    0.34129    0.47363
   0.47363    0.50361    0.50968    0.50968    0.57491    0.57491
 kpt#  27, nband= 30, wtk=  0.03125, kpt= -0.3750 -0.3750  0.3750 (reduced coord)
  -2.10106   -1.15291   -1.15290   -1.15290   -0.96316   -0.39555   -0.38172   -0.38172
  -0.31236   -0.31236   -0.30264    0.04099    0.06474    0.06474    0.07092    0.08193
   0.08193    0.20575    0.20575    0.21480    0.33996    0.34129    0.34129    0.47363
   0.47363    0.50361    0.50968    0.50968    0.57491    0.57491
 kpt#  28, nband= 30, wtk=  0.03125, kpt= -0.1250 -0.3750  0.3750 (reduced coord)
  -2.10108   -1.15296   -1.15295   -1.15192   -0.96379   -0.41229   -0.39234   -0.38377
  -0.30503   -0.29663   -0.29221    0.04464    0.05733    0.06419    0.09636    0.10366
   0.12900    0.16942    0.17459    0.21048    0.32281    0.32494    0.33483    0.39655
   0.47630    0.51702    0.53187    0.54845    0.55798    0.58152
 kpt#  29, nband= 30, wtk=  0.03125, kpt=  0.1250 -0.1250  0.3750 (reduced coord)
  -2.10111   -1.15303   -1.15197   -1.15197   -0.96445   -0.42870   -0.38534   -0.38330
  -0.30544   -0.29908   -0.28841    0.05339    0.08604    0.09874    0.10182    0.11043
   0.15414    0.17033    0.17292    0.18159    0.28401    0.32178    0.32252    0.36985
   0.43098    0.49438    0.50117    0.53810    0.54990    0.56693
 kpt#  30, nband= 30, wtk=  0.03125, kpt=  0.3750 -0.1250  0.3750 (reduced coord)
  -2.10108   -1.15296   -1.15295   -1.15192   -0.96379   -0.41229   -0.39234   -0.38377
  -0.30503   -0.29663   -0.29221    0.04464    0.05733    0.06419    0.09636    0.10366
   0.12900    0.16942    0.17459    0.21048    0.32281    0.32494    0.33483    0.39655
   0.47630    0.51702    0.53187    0.54845    0.55798    0.58152
 kpt#  31, nband= 30, wtk=  0.03125, kpt= -0.3750 -0.1250  0.3750 (reduced coord)
  -2.10108   -1.15296   -1.15295   -1.15192   -0.96379   -0.41229   -0.39234   -0.38377
  -0.30503   -0.29663   -0.29221    0.04464    0.05733    0.06419    0.09636    0.10366
   0.12900    0.16942    0.17459    0.21048    0.32281    0.32494    0.33483    0.39655
   0.47630    0.51702    0.53187    0.54845    0.55798    0.58152
 kpt#  32, nband= 30, wtk=  0.03125, kpt= -0.1250 -0.1250  0.3750 (reduced coord)
  -2.10111   -1.15303   -1.15197   -1.15197   -0.96445   -0.42870   -0.38534   -0.38330
  -0.30544   -0.29908   -0.28841    0.05339    0.08604    0.09874    0.10182    0.11043
   0.15414    0.17033    0.17292    0.18159    0.28401    0.32178    0.32252    0.36985
   0.43098    0.49438    0.50117    0.53810    0.54990    0.56693
