 Eigenvalues (hartree) for nkpt=  87  k points:
 kpt#   1, nband= 30, wtk=  1.00000, kpt=  0.2500  0.2500  0.2500 (reduced coord)
  -2.10109   -1.15249   -1.15246   -1.15246   -0.96414   -0.41814   -0.38620   -0.38620
  -0.30437   -0.30437   -0.29017    0.05594    0.08419    0.08419    0.10360    0.10360
   0.10389    0.18559    0.18559    0.19774    0.31202    0.31566    0.31566    0.42568
   0.42568    0.50246    0.50246    0.51376    0.56237    0.56237
 kpt#   2, nband= 30, wtk=  1.00000, kpt=  0.2361  0.2361  0.2361 (reduced coord)
  -2.10110   -1.15243   -1.15240   -1.15240   -0.96427   -0.41995   -0.38643   -0.38643
  -0.30392   -0.30392   -0.29019    0.05812    0.08637    0.08637    0.10725    0.10725
   0.11021    0.18474    0.18474    0.19574    0.30833    0.31223    0.31223    0.41945
   0.41945    0.49700    0.49700    0.51263    0.56192    0.56192
 kpt#   3, nband= 30, wtk=  1.00000, kpt=  0.2222  0.2222  0.2222 (reduced coord)
  -2.10110   -1.15238   -1.15235   -1.15235   -0.96440   -0.42159   -0.38660   -0.38660
  -0.30358   -0.30358   -0.29050    0.06020    0.08838    0.08838    0.11060    0.11060
   0.11655    0.18423    0.18423    0.19338    0.30458    0.30855    0.30855    0.41307
   0.41307    0.49106    0.49106    0.51108    0.56102    0.56102
 kpt#   4, nband= 30, wtk=  1.00000, kpt=  0.2083  0.2083  0.2083 (reduced coord)
  -2.10111   -1.15233   -1.15229   -1.15229   -0.96453   -0.42304   -0.38670   -0.38670
  -0.30334   -0.30334   -0.29106    0.06301    0.09041    0.09041    0.11484    0.11484
   0.12416    0.18486    0.18486    0.19147    0.30098    0.30500    0.30500    0.40688
   0.40688    0.48500    0.48500    0.50926    0.55985    0.55985
 kpt#   5, nband= 30, wtk=  1.00000, kpt=  0.1944  0.1944  0.1944 (reduced coord)
  -2.10111   -1.15228   -1.15224   -1.15224   -0.96466   -0.42433   -0.38675   -0.38675
  -0.30323   -0.30323   -0.29185    0.06567    0.09162    0.09162    0.11914    0.11914
   0.13202    0.18497    0.18497    0.18953    0.29728    0.30137    0.30137    0.40049
   0.40049    0.47878    0.47878    0.50706    0.55805    0.55805
 kpt#   6, nband= 30, wtk=  1.00000, kpt=  0.1806  0.1806  0.1806 (reduced coord)
  -2.10112   -1.15223   -1.15219   -1.15219   -0.96479   -0.42545   -0.38674   -0.38674
  -0.30321   -0.30321   -0.29284    0.06892    0.09332    0.09332    0.12369    0.12369
   0.13891    0.18576    0.18576    0.18777    0.29347    0.29770    0.29770    0.39422
   0.39422    0.47249    0.47249    0.50437    0.55612    0.55612
 kpt#   7, nband= 30, wtk=  1.00000, kpt=  0.1667  0.1667  0.1667 (reduced coord)
  -2.10112   -1.15217   -1.15214   -1.15214   -0.96492   -0.42640   -0.38668   -0.38668
  -0.30328   -0.30328   -0.29398    0.07237    0.09487    0.09487    0.12845    0.12845
   0.14772    0.18610    0.18725    0.18725    0.28997    0.29399    0.29399    0.38808
   0.38808    0.46620    0.46620    0.50134    0.55396    0.55406
 kpt#   8, nband= 30, wtk=  1.00000, kpt=  0.1528  0.1528  0.1528 (reduced coord)
  -2.10112   -1.15212   -1.15210   -1.15210   -0.96504   -0.42720   -0.38659   -0.38659
  -0.30344   -0.30344   -0.29527    0.07586    0.09544    0.09544    0.13250    0.13250
   0.15426    0.18356    0.18845    0.18845    0.28618    0.29010    0.29010    0.38181
   0.38181    0.45988    0.45988    0.49764    0.55127    0.55130
 kpt#   9, nband= 30, wtk=  1.00000, kpt=  0.1389  0.1389  0.1389 (reduced coord)
  -2.10113   -1.15208   -1.15206   -1.15206   -0.96516   -0.42786   -0.38646   -0.38646
  -0.30366   -0.30366   -0.29663    0.07939    0.09664    0.09664    0.13743    0.13743
   0.16110    0.18207    0.19029    0.19029    0.28251    0.28631    0.28631    0.37595
   0.37595    0.45383    0.45383    0.49345    0.54887    0.54914
 kpt#  10, nband= 30, wtk=  1.00000, kpt=  0.1250  0.1250  0.1250 (reduced coord)
  -2.10113   -1.15203   -1.15202   -1.15202   -0.96527   -0.42839   -0.38629   -0.38629
  -0.30392   -0.30392   -0.29802    0.08312    0.09774    0.09774    0.14333    0.14333
   0.16821    0.18079    0.19240    0.19240    0.27895    0.28265    0.28265    0.37033
   0.37033    0.44811    0.44811    0.48883    0.54658    0.54817
 kpt#  11, nband= 30, wtk=  1.00000, kpt=  0.1111  0.1111  0.1111 (reduced coord)
  -2.10113   -1.15199   -1.15198   -1.15198   -0.96537   -0.42881   -0.38611   -0.38611
  -0.30425   -0.30425   -0.29942    0.08650    0.09830    0.09830    0.14764    0.14764
   0.17449    0.17915    0.19311    0.19311    0.27546    0.27870    0.27870    0.36477
   0.36477    0.44252    0.44252    0.48384    0.54411    0.54416
 kpt#  12, nband= 30, wtk=  1.00000, kpt=  0.0972  0.0972  0.0972 (reduced coord)
  -2.10114   -1.15195   -1.15194   -1.15194   -0.96547   -0.42912   -0.38592   -0.38592
  -0.30456   -0.30456   -0.30075    0.09034    0.09999    0.09999    0.15279    0.15279
   0.17837    0.18097    0.19564    0.19564    0.27219    0.27497    0.27497    0.35985
   0.35985    0.43745    0.43745    0.47876    0.54159    0.54195
 kpt#  13, nband= 30, wtk=  1.00000, kpt=  0.0833  0.0833  0.0833 (reduced coord)
  -2.10114   -1.15192   -1.15192   -1.15192   -0.96555   -0.42935   -0.38573   -0.38573
  -0.30488   -0.30488   -0.30201    0.09327    0.10061    0.10061    0.15744    0.15744
   0.17737    0.18693    0.19800    0.19800    0.26904    0.27130    0.27130    0.35532
   0.35532    0.43283    0.43283    0.47376    0.53929    0.53993
 kpt#  14, nband= 30, wtk=  1.00000, kpt=  0.0694  0.0694  0.0694 (reduced coord)
  -2.10114   -1.15190   -1.15189   -1.15189   -0.96563   -0.42951   -0.38555   -0.38555
  -0.30518   -0.30518   -0.30315    0.09587    0.10111    0.10111    0.16179    0.16179
   0.17651    0.19244    0.20032    0.20032    0.26610    0.26781    0.26781    0.35129
   0.35129    0.42878    0.42878    0.46907    0.53754    0.53815
 kpt#  15, nband= 30, wtk=  1.00000, kpt=  0.0556  0.0556  0.0556 (reduced coord)
  -2.10114   -1.15187   -1.15187   -1.15187   -0.96569   -0.42961   -0.38539   -0.38539
  -0.30545   -0.30545   -0.30412    0.09832    0.10152    0.10152    0.16613    0.16613
   0.17580    0.19756    0.20250    0.20250    0.26343    0.26462    0.26462    0.34784
   0.34784    0.42537    0.42537    0.46492    0.53644    0.53667
 kpt#  16, nband= 30, wtk=  1.00000, kpt=  0.0417  0.0417  0.0417 (reduced coord)
  -2.10114   -1.15185   -1.15185   -1.15185   -0.96574   -0.42968   -0.38525   -0.38525
  -0.30567   -0.30567   -0.30490    0.10031    0.10230    0.10230    0.16998    0.16998
   0.17525    0.20208    0.20443    0.20443    0.26113    0.26183    0.26183    0.34506
   0.34506    0.42264    0.42264    0.46148    0.53524    0.53548
 kpt#  17, nband= 30, wtk=  1.00000, kpt=  0.0278  0.0278  0.0278 (reduced coord)
  -2.10115   -1.15184   -1.15184   -1.15184   -0.96577   -0.42972   -0.38515   -0.38515
  -0.30584   -0.30584   -0.30549    0.10161    0.10250    0.10250    0.17245    0.17245
   0.17485    0.20530    0.20593    0.20593    0.25931    0.25962    0.25962    0.34301
   0.34301    0.42065    0.42065    0.45891    0.53449    0.53461
 kpt#  18, nband= 30, wtk=  1.00000, kpt=  0.0139  0.0139  0.0139 (reduced coord)
  -2.10115   -1.15183   -1.15183   -1.15183   -0.96579   -0.42974   -0.38509   -0.38509
  -0.30594   -0.30594   -0.30585    0.10240    0.10262    0.10262    0.17401    0.17401
   0.17461    0.20691    0.20691    0.20737    0.25812    0.25819    0.25819    0.34176
   0.34176    0.41944    0.41944    0.45731    0.53404    0.53408
 kpt#  19, nband= 30, wtk=  1.00000, kpt=  0.0000  0.0000  0.0000 (reduced coord)
  -2.10115   -1.15183   -1.15183   -1.15183   -0.96580   -0.42975   -0.38507   -0.38507
  -0.30598   -0.30598   -0.30598    0.10266    0.10266    0.10266    0.17454    0.17454
   0.17454    0.20697    0.20697    0.20697    0.25770    0.25770    0.25770    0.34133
   0.34133    0.41903    0.41903    0.45677    0.53389    0.53389
 kpt#  20, nband= 30, wtk=  1.00000, kpt=  0.0250  0.0000  0.0000 (reduced coord)
  -2.10115   -1.15184   -1.15183   -1.15183   -0.96579   -0.42974   -0.38513   -0.38506
  -0.30596   -0.30596   -0.30579    0.10232    0.10265    0.10265    0.17412    0.17412
   0.17430    0.20718    0.20723    0.20723    0.25772    0.25844    0.25844    0.34134
   0.34224    0.41944    0.41950    0.45736    0.53394    0.53418
 kpt#  21, nband= 30, wtk=  1.00000, kpt=  0.0500  0.0000  0.0000 (reduced coord)
  -2.10115   -1.15186   -1.15183   -1.15183   -0.96577   -0.42972   -0.38528   -0.38503
  -0.30592   -0.30592   -0.30527    0.10130    0.10261    0.10261    0.17291    0.17291
   0.17360    0.20455    0.20642    0.20642    0.25781    0.26058    0.26058    0.34136
   0.34486    0.42067    0.42089    0.45910    0.53395    0.53502
 kpt#  22, nband= 30, wtk=  1.00000, kpt=  0.0750  0.0000  0.0000 (reduced coord)
  -2.10114   -1.15191   -1.15183   -1.15183   -0.96573   -0.42972   -0.38551   -0.38498
  -0.30584   -0.30584   -0.30443    0.09963    0.10254    0.10254    0.17096    0.17096
   0.17247    0.20049    0.20526    0.20526    0.25794    0.26388    0.26388    0.34139
   0.34893    0.42271    0.42315    0.46197    0.53394    0.53640
 kpt#  23, nband= 30, wtk=  1.00000, kpt=  0.1000  0.0000  0.0000 (reduced coord)
  -2.10114   -1.15197   -1.15182   -1.15182   -0.96568   -0.42973   -0.38578   -0.38491
  -0.30575   -0.30575   -0.30330    0.09619    0.10242    0.10242    0.16823    0.16823
   0.17095    0.19520    0.20386    0.20386    0.25813    0.26806    0.26806    0.34143
   0.35412    0.42551    0.42624    0.46592    0.53318    0.53829
 kpt#  24, nband= 30, wtk=  1.00000, kpt=  0.1250  0.0000  0.0000 (reduced coord)
  -2.10114   -1.15205   -1.15182   -1.15182   -0.96562   -0.42979   -0.38602   -0.38482
  -0.30563   -0.30563   -0.30195    0.09306    0.10211    0.10211    0.16448    0.16448
   0.16790    0.18894    0.20238    0.20238    0.25836    0.27278    0.27278    0.34148
   0.36002    0.42906    0.42998    0.47088    0.53267    0.54059
 kpt#  25, nband= 30, wtk=  1.00000, kpt=  0.1500  0.0000  0.0000 (reduced coord)
  -2.10114   -1.15213   -1.15182   -1.15182   -0.96554   -0.42992   -0.38618   -0.38472
  -0.30549   -0.30549   -0.30040    0.08975    0.10197    0.10197    0.16104    0.16104
   0.16578    0.18257    0.20105    0.20105    0.25863    0.27797    0.27797    0.34153
   0.36644    0.43330    0.43443    0.47681    0.53212    0.54335
 kpt#  26, nband= 30, wtk=  1.00000, kpt=  0.1750  0.0000  0.0000 (reduced coord)
  -2.10114   -1.15223   -1.15181   -1.15181   -0.96546   -0.43013   -0.38623   -0.38460
  -0.30532   -0.30532   -0.29871    0.08605    0.10183    0.10183    0.15740    0.15740
   0.16347    0.17602    0.19976    0.19976    0.25894    0.28340    0.28340    0.34158
   0.37308    0.43818    0.43940    0.48361    0.53151    0.54646
 kpt#  27, nband= 30, wtk=  1.00000, kpt=  0.2000  0.0000  0.0000 (reduced coord)
  -2.10113   -1.15234   -1.15181   -1.15181   -0.96536   -0.43044   -0.38613   -0.38448
  -0.30515   -0.30515   -0.29696    0.08183    0.10163    0.10163    0.15346    0.15346
   0.16011    0.16934    0.19853    0.19853    0.25927    0.28889    0.28889    0.34164
   0.37968    0.44360    0.44467    0.49120    0.53087    0.54981
 kpt#  28, nband= 30, wtk=  1.00000, kpt=  0.2250  0.0000  0.0000 (reduced coord)
  -2.10113   -1.15243   -1.15180   -1.15180   -0.96527   -0.43086   -0.38585   -0.38435
  -0.30495   -0.30495   -0.29513    0.07820    0.10170    0.10170    0.14983    0.14983
   0.15965    0.16325    0.19834    0.19834    0.25962    0.29452    0.29452    0.34169
   0.38650    0.44950    0.45082    0.49961    0.53021    0.55347
 kpt#  29, nband= 30, wtk=  1.00000, kpt=  0.2500  0.0000  0.0000 (reduced coord)
  -2.10113   -1.15255   -1.15179   -1.15179   -0.96517   -0.43137   -0.38540   -0.38421
  -0.30476   -0.30476   -0.29336    0.07392    0.10156    0.10156    0.14620    0.14620
   0.15706    0.15716    0.19725    0.19725    0.25999    0.29991    0.29991    0.34174
   0.39277    0.45574    0.45668    0.50860    0.52951    0.55718
 kpt#  30, nband= 30, wtk=  1.00000, kpt=  0.2750  0.0000  0.0000 (reduced coord)
  -2.10113   -1.15266   -1.15180   -1.15180   -0.96507   -0.43196   -0.38481   -0.38409
  -0.30457   -0.30457   -0.29164    0.06905    0.10011    0.10011    0.14236    0.14236
   0.15123    0.15431    0.19585    0.19585    0.26035    0.30494    0.30494    0.34178
   0.39863    0.46216    0.46255    0.51816    0.52877    0.56077
 kpt#  31, nband= 30, wtk=  1.00000, kpt=  0.3000  0.0000  0.0000 (reduced coord)
  -2.10112   -1.15276   -1.15179   -1.15179   -0.96497   -0.43260   -0.38409   -0.38396
  -0.30439   -0.30439   -0.29001    0.06585    0.10001    0.10001    0.13916    0.13916
   0.14647    0.15194    0.19498    0.19498    0.26071    0.30981    0.30981    0.34182
   0.40423    0.46832    0.46869    0.52808    0.52847    0.56444
 kpt#  32, nband= 30, wtk=  1.00000, kpt=  0.3250  0.0000  0.0000 (reduced coord)
  -2.10112   -1.15287   -1.15179   -1.15179   -0.96488   -0.43328   -0.38383   -0.38329
  -0.30422   -0.30422   -0.28853    0.06170    0.09994    0.09994    0.13610    0.13610
   0.13963    0.14975    0.19355    0.19355    0.26105    0.31422    0.31422    0.34186
   0.40897    0.47385    0.47496    0.52742    0.53864    0.56784
 kpt#  33, nband= 30, wtk=  1.00000, kpt=  0.3500  0.0000  0.0000 (reduced coord)
  -2.10112   -1.15297   -1.15179   -1.15179   -0.96480   -0.43394   -0.38373   -0.38247
  -0.30406   -0.30406   -0.28719    0.05767    0.09877    0.09877    0.13262    0.13262
   0.13506    0.14700    0.19276    0.19276    0.26136    0.31798    0.31798    0.34188
   0.41323    0.47870    0.48100    0.52676    0.54961    0.57070
 kpt#  34, nband= 30, wtk=  1.00000, kpt=  0.3750  0.0000  0.0000 (reduced coord)
  -2.10112   -1.15306   -1.15179   -1.15179   -0.96472   -0.43454   -0.38362   -0.38166
  -0.30391   -0.30391   -0.28600    0.05482    0.09918    0.09918    0.13045    0.13045
   0.13158    0.14667    0.19212    0.19212    0.26165    0.32159    0.32159    0.34191
   0.41723    0.48396    0.48656    0.52622    0.56122    0.57381
 kpt#  35, nband= 30, wtk=  1.00000, kpt=  0.4000  0.0000  0.0000 (reduced coord)
  -2.10112   -1.15313   -1.15178   -1.15178   -0.96466   -0.43508   -0.38353   -0.38092
  -0.30378   -0.30378   -0.28502    0.05201    0.09914    0.09914    0.12849    0.12849
   0.12867    0.14520    0.19158    0.19158    0.26189    0.32456    0.32456    0.34193
   0.42039    0.48795    0.49143    0.52575    0.57307    0.57626
 kpt#  36, nband= 30, wtk=  1.00000, kpt=  0.4250  0.0000  0.0000 (reduced coord)
  -2.10111   -1.15319   -1.15178   -1.15178   -0.96461   -0.43553   -0.38346   -0.38029
  -0.30368   -0.30368   -0.28424    0.04976    0.09911    0.09911    0.12641    0.12694
   0.12694    0.14405    0.19117    0.19117    0.26209    0.32693    0.32693    0.34195
   0.42288    0.49121    0.49544    0.52538    0.57825    0.58063
 kpt#  37, nband= 30, wtk=  1.00000, kpt=  0.4500  0.0000  0.0000 (reduced coord)
  -2.10111   -1.15323   -1.15178   -1.15178   -0.96457   -0.43586   -0.38341   -0.37982
  -0.30361   -0.30361   -0.28370    0.04769    0.09908    0.09908    0.12479    0.12583
   0.12583    0.14206    0.19087    0.19087    0.26223    0.32864    0.32864    0.34196
   0.42451    0.49305    0.49841    0.52510    0.57971    0.57984
 kpt#  38, nband= 30, wtk=  1.00000, kpt=  0.4750  0.0000  0.0000 (reduced coord)
  -2.10111   -1.15325   -1.15177   -1.15177   -0.96454   -0.43606   -0.38338   -0.37951
  -0.30353   -0.30353   -0.28336    0.04735    0.09909    0.09909    0.12497    0.12586
   0.12586    0.14154    0.19277    0.19277    0.26232    0.33000    0.33000    0.34198
   0.42585    0.49453    0.50053    0.52493    0.58093    0.58096
 kpt#  39, nband= 30, wtk=  1.00000, kpt=  0.5000  0.0000  0.0000 (reduced coord)
  -2.10111   -1.15326   -1.15177   -1.15177   -0.96453   -0.43613   -0.38337   -0.37941
  -0.30352   -0.30352   -0.28323    0.04738    0.09909    0.09909    0.12563    0.12563
   0.12571    0.14136    0.19277    0.19277    0.26235    0.33036    0.33036    0.34198
   0.42642    0.49502    0.50159    0.52488    0.58123    0.58123
 kpt#  40, nband= 30, wtk=  1.00000, kpt=  0.5000  0.0250  0.0000 (reduced coord)
  -2.10111   -1.15326   -1.15178   -1.15177   -0.96453   -0.43600   -0.38335   -0.37952
  -0.30350   -0.30345   -0.28330    0.04726    0.09893    0.09911    0.11900    0.12549
   0.13055    0.14281    0.19099    0.19220    0.26299    0.33016    0.33035    0.34262
   0.42671    0.49523    0.50192    0.52522    0.58007    0.58125
 kpt#  41, nband= 30, wtk=  1.00000, kpt=  0.5000  0.0500  0.0000 (reduced coord)
  -2.10111   -1.15326   -1.15181   -1.15177   -0.96452   -0.43560   -0.38331   -0.37986
  -0.30346   -0.30322   -0.28351    0.04698    0.09842    0.09917    0.11179    0.12483
   0.13339    0.14694    0.18760    0.18973    0.26484    0.32989    0.33019    0.34444
   0.42763    0.49589    0.50296    0.52622    0.57727    0.58126
 kpt#  42, nband= 30, wtk=  1.00000, kpt=  0.5000  0.0750  0.0000 (reduced coord)
  -2.10111   -1.15326   -1.15185   -1.15177   -0.96449   -0.43494   -0.38325   -0.38040
  -0.30339   -0.30283   -0.28386    0.04666    0.09754    0.09926    0.10482    0.12397
   0.13508    0.15276    0.18464    0.18667    0.26770    0.32980    0.33005    0.34721
   0.42922    0.49697    0.50479    0.52789    0.57358    0.58124
 kpt#  43, nband= 30, wtk=  1.00000, kpt=  0.5000  0.1000  0.0000 (reduced coord)
  -2.10111   -1.15325   -1.15190   -1.15176   -0.96445   -0.43403   -0.38317   -0.38113
  -0.30328   -0.30228   -0.28432    0.04670    0.09797    0.09873    0.09982    0.12332
   0.13699    0.15952    0.18125    0.18376    0.27140    0.33009    0.33016    0.35069
   0.43164    0.49865    0.50756    0.53028    0.56982    0.58163
 kpt#  44, nband= 30, wtk=  1.00000, kpt=  0.5000  0.1250  0.0000 (reduced coord)
  -2.10111   -1.15325   -1.15197   -1.15176   -0.96441   -0.43287   -0.38312   -0.38204
  -0.30316   -0.30162   -0.28490    0.04600    0.09188    0.09606    0.09997    0.12187
   0.13791    0.16574    0.17751    0.17936    0.27560    0.32985    0.33015    0.35446
   0.43446    0.50044    0.51063    0.53315    0.56528    0.58166
 kpt#  45, nband= 30, wtk=  1.00000, kpt=  0.5000  0.1500  0.0000 (reduced coord)
  -2.10110   -1.15324   -1.15205   -1.15176   -0.96436   -0.43148   -0.38309   -0.38307
  -0.30299   -0.30087   -0.28554    0.04582    0.08563    0.09394    0.10071    0.12085
   0.13963    0.17250    0.17391    0.17584    0.28031    0.32992    0.33028    0.35828
   0.43834    0.50262    0.51493    0.53664    0.56072    0.58201
 kpt#  46, nband= 30, wtk=  1.00000, kpt=  0.5000  0.1750  0.0000 (reduced coord)
  -2.10110   -1.15324   -1.15215   -1.15176   -0.96430   -0.42986   -0.38420   -0.38311
  -0.30281   -0.30004   -0.28625    0.04555    0.07962    0.09090    0.10092    0.11945
   0.14145    0.17061    0.17221    0.17865    0.28527    0.32985    0.33051    0.36190
   0.44282    0.50501    0.51992    0.54050    0.55610    0.58226
 kpt#  47, nband= 30, wtk=  1.00000, kpt=  0.5000  0.2000  0.0000 (reduced coord)
  -2.10110   -1.15323   -1.15225   -1.15174   -0.96423   -0.42805   -0.38541   -0.38321
  -0.30261   -0.29915   -0.28698    0.04524    0.07391    0.08749    0.10197    0.11832
   0.14342    0.16781    0.16859    0.18464    0.29041    0.32997    0.33092    0.36519
   0.44791    0.50763    0.52565    0.54485    0.55160    0.58277
 kpt#  48, nband= 30, wtk=  1.00000, kpt=  0.5000  0.2250  0.0000 (reduced coord)
  -2.10110   -1.15322   -1.15236   -1.15174   -0.96417   -0.42605   -0.38666   -0.38342
  -0.30239   -0.29825   -0.28773    0.04453    0.06823    0.08333    0.10210    0.11670
   0.14499    0.16503    0.16553    0.19003    0.29552    0.32987    0.33146    0.36802
   0.45338    0.50999    0.53203    0.54694    0.54935    0.58305
 kpt#  49, nband= 30, wtk=  1.00000, kpt=  0.5000  0.2500  0.0000 (reduced coord)
  -2.10109   -1.15321   -1.15247   -1.15174   -0.96410   -0.42389   -0.38792   -0.38375
  -0.30218   -0.29735   -0.28845    0.04404    0.06302    0.07896    0.10238    0.11499
   0.14706    0.16122    0.16305    0.19485    0.30049    0.32975    0.33216    0.37038
   0.45909    0.51287    0.53898    0.54278    0.55396    0.58335
 kpt#  50, nband= 30, wtk=  1.00000, kpt=  0.5000  0.2750  0.0000 (reduced coord)
  -2.10109   -1.15321   -1.15257   -1.15173   -0.96403   -0.42158   -0.38914   -0.38424
  -0.30196   -0.29645   -0.28913    0.04349    0.05854    0.07522    0.10281    0.11348
   0.14913    0.15799    0.16211    0.19974    0.30535    0.32972    0.33326    0.37243
   0.46509    0.51583    0.53900    0.54674    0.55877    0.58372
 kpt#  51, nband= 30, wtk=  1.00000, kpt=  0.5000  0.3000  0.0000 (reduced coord)
  -2.10109   -1.15320   -1.15267   -1.15172   -0.96396   -0.41915   -0.39032   -0.38491
  -0.30175   -0.29558   -0.28974    0.04315    0.05447    0.07102    0.10312    0.11189
   0.15166    0.15470    0.16161    0.20435    0.30995    0.32966    0.33447    0.37409
   0.47119    0.51878    0.53552    0.55499    0.56335    0.58398
 kpt#  52, nband= 30, wtk=  1.00000, kpt=  0.5000  0.3250  0.0000 (reduced coord)
  -2.10109   -1.15319   -1.15277   -1.15172   -0.96390   -0.41664   -0.39142   -0.38578
  -0.30155   -0.29478   -0.29028    0.04227    0.05068    0.06704    0.10346    0.11046
   0.15191    0.15356    0.16120    0.20781    0.31419    0.32961    0.33577    0.37542
   0.47667    0.52160    0.53225    0.56363    0.56787    0.58431
 kpt#  53, nband= 30, wtk=  1.00000, kpt=  0.5000  0.3500  0.0000 (reduced coord)
  -2.10109   -1.15318   -1.15287   -1.15172   -0.96384   -0.41406   -0.39242   -0.38687
  -0.30136   -0.29406   -0.29074    0.04102    0.04711    0.06372    0.10350    0.10895
   0.14932    0.15526    0.16095    0.21107    0.31799    0.32949    0.33709    0.37647
   0.48195    0.52402    0.52911    0.57212    0.57271    0.58440
 kpt#  54, nband= 30, wtk=  1.00000, kpt=  0.5000  0.3750  0.0000 (reduced coord)
  -2.10108   -1.15317   -1.15295   -1.15171   -0.96378   -0.41146   -0.39331   -0.38815
  -0.30119   -0.29341   -0.29111    0.03992    0.04444    0.06088    0.10385    0.10781
   0.14716    0.15685    0.16125    0.21343    0.32137    0.32947    0.33850    0.37737
   0.48645    0.52659    0.52666    0.57598    0.58189    0.58470
 kpt#  55, nband= 30, wtk=  1.00000, kpt=  0.5000  0.4000  0.0000 (reduced coord)
  -2.10108   -1.15317   -1.15302   -1.15172   -0.96374   -0.40887   -0.39405   -0.38963
  -0.30106   -0.29288   -0.29141    0.03855    0.04202    0.05866    0.10403    0.10649
   0.14454    0.15817    0.16109    0.21529    0.32402    0.32929    0.33975    0.37798
   0.49024    0.52458    0.52859    0.57909    0.58485    0.59099
 kpt#  56, nband= 30, wtk=  1.00000, kpt=  0.5000  0.4250  0.0000 (reduced coord)
  -2.10108   -1.15316   -1.15308   -1.15172   -0.96370   -0.40634   -0.39465   -0.39127
  -0.30094   -0.29245   -0.29163    0.03730    0.04016    0.05711    0.10429    0.10570
   0.14308    0.15923    0.16119    0.21674    0.32628    0.32927    0.34084    0.37845
   0.49330    0.52295    0.53029    0.58181    0.58506    0.59954
 kpt#  57, nband= 30, wtk=  1.00000, kpt=  0.5000  0.4500  0.0000 (reduced coord)
  -2.10108   -1.15316   -1.15312   -1.15172   -0.96368   -0.40395   -0.39508   -0.39300
  -0.30086   -0.29213   -0.29177    0.03623    0.03879    0.05628    0.10440    0.10503
   0.14176    0.16027    0.16112    0.21811    0.32786    0.32920    0.34166    0.37877
   0.49573    0.52178    0.53154    0.58367    0.58520    0.60679
 kpt#  58, nband= 30, wtk=  1.00000, kpt=  0.5000  0.4750  0.0000 (reduced coord)
  -2.10108   -1.15316   -1.15315   -1.15172   -0.96366   -0.40195   -0.39534   -0.39463
  -0.30081   -0.29195   -0.29186    0.03555    0.03795    0.05547    0.10450    0.10466
   0.14110    0.16078    0.16092    0.21828    0.32885    0.32919    0.34220    0.37895
   0.49687    0.52103    0.53222    0.58490    0.58528    0.61179
 kpt#  59, nband= 30, wtk=  1.00000, kpt=  0.5000  0.5000  0.0000 (reduced coord)
  -2.10108   -1.15316   -1.15316   -1.15172   -0.96365   -0.40101   -0.39543   -0.39543
  -0.30079   -0.29189   -0.29189    0.03531    0.03768    0.05529    0.10454    0.10454
   0.14088    0.16093    0.16093    0.21847    0.32918    0.32918    0.34238    0.37901
   0.49732    0.52080    0.53248    0.58532    0.58532    0.61357
 kpt#  60, nband= 30, wtk=  1.00000, kpt=  0.4821  0.4821  0.0000 (reduced coord)
  -2.10108   -1.15315   -1.15315   -1.15172   -0.96366   -0.40196   -0.39540   -0.39456
  -0.30081   -0.29193   -0.29188    0.03556    0.03796    0.05547    0.10448    0.10468
   0.14110    0.16073    0.16096    0.21828    0.32899    0.32904    0.34219    0.37895
   0.49687    0.52103    0.53222    0.58503    0.58515    0.61177
 kpt#  61, nband= 30, wtk=  1.00000, kpt=  0.4643  0.4643  0.0000 (reduced coord)
  -2.10108   -1.15314   -1.15314   -1.15172   -0.96368   -0.40393   -0.39533   -0.39280
  -0.30086   -0.29205   -0.29188    0.03609    0.03868    0.05575    0.10430    0.10511
   0.14175    0.15961    0.16095    0.21722    0.32840    0.32862    0.34160    0.37874
   0.49523    0.52163    0.53144    0.58418    0.58464    0.60679
 kpt#  62, nband= 30, wtk=  1.00000, kpt=  0.4464  0.4464  0.0000 (reduced coord)
  -2.10108   -1.15312   -1.15312   -1.15171   -0.96370   -0.40619   -0.39519   -0.39089
  -0.30095   -0.29224   -0.29184    0.03747    0.04033    0.05719    0.10402    0.10608
   0.14303    0.15931    0.16142    0.21718    0.32743    0.32803    0.34072    0.37845
   0.49344    0.52238    0.53067    0.58284    0.58394    0.59985
 kpt#  63, nband= 30, wtk=  1.00000, kpt=  0.4286  0.4286  0.0000 (reduced coord)
  -2.10108   -1.15310   -1.15309   -1.15172   -0.96374   -0.40852   -0.39500   -0.38905
  -0.30107   -0.29250   -0.29181    0.03857    0.04281    0.05865    0.10371    0.10706
   0.14447    0.15826    0.16157    0.21624    0.32610    0.32703    0.33943    0.37801
   0.49049    0.52229    0.53052    0.58101    0.58277    0.59150
 kpt#  64, nband= 30, wtk=  1.00000, kpt=  0.4107  0.4107  0.0000 (reduced coord)
  -2.10108   -1.15306   -1.15305   -1.15171   -0.96379   -0.41082   -0.39476   -0.38739
  -0.30121   -0.29284   -0.29177    0.04008    0.04609    0.06046    0.10372    0.10831
   0.14753    0.15712    0.16220    0.21506    0.32488    0.32576    0.33783    0.37746
   0.48684    0.52078    0.53139    0.57918    0.58133    0.58231
 kpt#  65, nband= 30, wtk=  1.00000, kpt=  0.3929  0.3929  0.0000 (reduced coord)
  -2.10108   -1.15303   -1.15301   -1.15172   -0.96385   -0.41307   -0.39448   -0.38595
  -0.30139   -0.29326   -0.29175    0.04174    0.04907    0.06178    0.10318    0.10981
   0.14941    0.15426    0.16230    0.21216    0.32273    0.32419    0.33576    0.37664
   0.48165    0.51801    0.53250    0.57255    0.57656    0.57955
 kpt#  66, nband= 30, wtk=  1.00000, kpt=  0.3750  0.3750  0.0000 (reduced coord)
  -2.10109   -1.15297   -1.15296   -1.15172   -0.96392   -0.41520   -0.39415   -0.38474
  -0.30160   -0.29374   -0.29170    0.04380    0.05411    0.06395    0.10289    0.11161
   0.15176    0.15314    0.16267    0.21005    0.32041    0.32237    0.33358    0.37581
   0.47636    0.51453    0.53468    0.56255    0.57372    0.57753
 kpt#  67, nband= 30, wtk=  1.00000, kpt=  0.3571  0.3571  0.0000 (reduced coord)
  -2.10109   -1.15292   -1.15290   -1.15172   -0.96400   -0.41719   -0.39377   -0.38378
  -0.30182   -0.29428   -0.29164    0.04623    0.05904    0.06652    0.10255    0.11441
   0.15210    0.15473    0.16342    0.20797    0.31776    0.32057    0.33104    0.37484
   0.47060    0.51061    0.53587    0.55249    0.57071    0.57562
 kpt#  68, nband= 30, wtk=  1.00000, kpt=  0.3393  0.3393  0.0000 (reduced coord)
  -2.10109   -1.15286   -1.15284   -1.15173   -0.96409   -0.41904   -0.39334   -0.38308
  -0.30206   -0.29488   -0.29163    0.04868    0.06497    0.06927    0.10224    0.11671
   0.15153    0.15820    0.16426    0.20578    0.31506    0.31821    0.32826    0.37376
   0.46433    0.50618    0.53642    0.54228    0.56777    0.57314
 kpt#  69, nband= 30, wtk=  1.00000, kpt=  0.3214  0.3214  0.0000 (reduced coord)
  -2.10110   -1.15280   -1.15278   -1.15173   -0.96418   -0.42073   -0.39289   -0.38262
  -0.30233   -0.29552   -0.29167    0.05135    0.07086    0.07208    0.10192    0.11927
   0.15081    0.16107    0.16494    0.20326    0.31190    0.31560    0.32518    0.37246
   0.45744    0.50139    0.53209    0.53597    0.56459    0.57050
 kpt#  70, nband= 30, wtk=  1.00000, kpt=  0.3036  0.3036  0.0000 (reduced coord)
  -2.10110   -1.15273   -1.15271   -1.15175   -0.96429   -0.42226   -0.39240   -0.38239
  -0.30261   -0.29622   -0.29179    0.05373    0.07487    0.07715    0.10150    0.12129
   0.15014    0.16372    0.16511    0.20050    0.30854    0.31239    0.32182    0.37096
   0.45001    0.49598    0.52196    0.53444    0.56144    0.56746
 kpt#  71, nband= 30, wtk=  1.00000, kpt=  0.2857  0.2857  0.0000 (reduced coord)
  -2.10110   -1.15267   -1.15264   -1.15175   -0.96440   -0.42362   -0.39189   -0.38234
  -0.30291   -0.29695   -0.29201    0.05625    0.07717    0.08380    0.10116    0.12370
   0.15012    0.16591    0.16652    0.19751    0.30500    0.30903    0.31829    0.36935
   0.44219    0.49065    0.51203    0.53181    0.55836    0.56437
 kpt#  72, nband= 30, wtk=  1.00000, kpt=  0.2679  0.2679  0.0000 (reduced coord)
  -2.10111   -1.15260   -1.15257   -1.15176   -0.96452   -0.42480   -0.39134   -0.38245
  -0.30320   -0.29771   -0.29236    0.05947    0.08019    0.09075    0.10102    0.12685
   0.15099    0.16702    0.16969    0.19527    0.30135    0.30571    0.31462    0.36764
   0.43434    0.48515    0.50235    0.52818    0.55540    0.56148
 kpt#  73, nband= 30, wtk=  1.00000, kpt=  0.2500  0.2500  0.0000 (reduced coord)
  -2.10111   -1.15252   -1.15249   -1.15177   -0.96463   -0.42581   -0.39078   -0.38267
  -0.30349   -0.29847   -0.29284    0.06285    0.08321    0.09849    0.10096    0.13019
   0.15343    0.16849    0.17349    0.19348    0.29773    0.30219    0.31087    0.36590
   0.42638    0.47951    0.49296    0.52384    0.55267    0.55859
 kpt#  74, nband= 30, wtk=  1.00000, kpt=  0.2321  0.2321  0.0000 (reduced coord)
  -2.10112   -1.15245   -1.15242   -1.15178   -0.96476   -0.42668   -0.39020   -0.38300
  -0.30378   -0.29927   -0.29350    0.06618    0.08579    0.10027    0.10459    0.13370
   0.15547    0.16962    0.17672    0.19118    0.29387    0.29850    0.30673    0.36387
   0.41797    0.47352    0.48374    0.51846    0.54972    0.55570
 kpt#  75, nband= 30, wtk=  1.00000, kpt=  0.2143  0.2143  0.0000 (reduced coord)
  -2.10112   -1.15237   -1.15235   -1.15179   -0.96488   -0.42739   -0.38962   -0.38335
  -0.30406   -0.30005   -0.29432    0.06979    0.08854    0.10028    0.11185    0.13735
   0.15835    0.17102    0.17996    0.18992    0.29003    0.29466    0.30262    0.36180
   0.40974    0.46762    0.47510    0.51279    0.54727    0.55289
 kpt#  76, nband= 30, wtk=  1.00000, kpt=  0.1964  0.1964  0.0000 (reduced coord)
  -2.10112   -1.15230   -1.15228   -1.15179   -0.96500   -0.42797   -0.38903   -0.38373
  -0.30434   -0.30083   -0.29529    0.07338    0.09022    0.10036    0.11915    0.14130
   0.16170    0.17261    0.18326    0.18892    0.28619    0.29072    0.29842    0.35966
   0.40135    0.46170    0.46693    0.50673    0.54504    0.55021
 kpt#  77, nband= 30, wtk=  1.00000, kpt=  0.1786  0.1786  0.0000 (reduced coord)
  -2.10113   -1.15223   -1.15221   -1.15180   -0.96512   -0.42843   -0.38846   -0.38408
  -0.30460   -0.30159   -0.29638    0.07706    0.09247    0.10046    0.12670    0.14513
   0.16698    0.17367    0.18649    0.18916    0.28239    0.28668    0.29418    0.35749
   0.39324    0.45581    0.45921    0.50061    0.54301    0.54762
 kpt#  78, nband= 30, wtk=  1.00000, kpt=  0.1607  0.1607  0.0000 (reduced coord)
  -2.10113   -1.15216   -1.15214   -1.15180   -0.96523   -0.42880   -0.38790   -0.38440
  -0.30483   -0.30232   -0.29760    0.08155    0.09466    0.10095    0.13333    0.14966
   0.17176    0.17468    0.18987    0.19020    0.27870    0.28274    0.28974    0.35524
   0.38523    0.45004    0.45202    0.49419    0.54115    0.54527
 kpt#  79, nband= 30, wtk=  1.00000, kpt=  0.1429  0.1429  0.0000 (reduced coord)
  -2.10113   -1.15210   -1.15208   -1.15181   -0.96534   -0.42908   -0.38738   -0.38466
  -0.30506   -0.30303   -0.29890    0.08510    0.09593    0.10107    0.13989    0.15348
   0.17421    0.17621    0.19108    0.19286    0.27509    0.27866    0.28521    0.35295
   0.37731    0.44434    0.44541    0.48781    0.53957    0.54300
 kpt#  80, nband= 30, wtk=  1.00000, kpt=  0.1250  0.1250  0.0000 (reduced coord)
  -2.10114   -1.15204   -1.15203   -1.15181   -0.96544   -0.42929   -0.38688   -0.38486
  -0.30526   -0.30367   -0.30021    0.08869    0.09796    0.10127    0.14638    0.15759
   0.17444    0.18159    0.19345    0.19587    0.27166    0.27472    0.28067    0.35072
   0.37008    0.43906    0.43947    0.48165    0.53821    0.54097
 kpt#  81, nband= 30, wtk=  1.00000, kpt=  0.1071  0.1071  0.0000 (reduced coord)
  -2.10114   -1.15199   -1.15198   -1.15181   -0.96553   -0.42944   -0.38644   -0.38499
  -0.30545   -0.30424   -0.30150    0.09201    0.09910    0.10203    0.15327    0.16121
   0.17441    0.18683    0.19614    0.19860    0.26845    0.27089    0.27622    0.34859
   0.36330    0.43420    0.43423    0.47581    0.53704    0.53930
 kpt#  82, nband= 30, wtk=  1.00000, kpt=  0.0893  0.0893  0.0000 (reduced coord)
  -2.10114   -1.15194   -1.15194   -1.15182   -0.96561   -0.42955   -0.38604   -0.38507
  -0.30560   -0.30475   -0.30272    0.09490    0.10016    0.10228    0.15902    0.16519
   0.17466    0.19215    0.19897    0.20131    0.26551    0.26737    0.27178    0.34662
   0.35717    0.42967    0.42987    0.47047    0.53608    0.53774
 kpt#  83, nband= 30, wtk=  1.00000, kpt=  0.0714  0.0714  0.0000 (reduced coord)
  -2.10114   -1.15190   -1.15190   -1.15182   -0.96568   -0.42963   -0.38570   -0.38510
  -0.30573   -0.30518   -0.30381    0.09738    0.10083    0.10239    0.16396    0.16822
   0.17457    0.19696    0.20166    0.20352    0.26290    0.26417    0.26754    0.34485
   0.35181    0.42589    0.42612    0.46581    0.53529    0.53674
 kpt#  84, nband= 30, wtk=  1.00000, kpt=  0.0536  0.0536  0.0000 (reduced coord)
  -2.10114   -1.15187   -1.15187   -1.15183   -0.96573   -0.42968   -0.38543   -0.38510
  -0.30583   -0.30552   -0.30471    0.09996    0.10211    0.10254    0.16881    0.17094
   0.17460    0.20150    0.20404    0.20544    0.26073    0.26149    0.26375    0.34338
   0.34739    0.42292    0.42310    0.46198    0.53484    0.53543
 kpt#  85, nband= 30, wtk=  1.00000, kpt=  0.0357  0.0357  0.0000 (reduced coord)
  -2.10115   -1.15185   -1.15185   -1.15183   -0.96577   -0.42972   -0.38523   -0.38509
  -0.30591   -0.30577   -0.30540    0.10145    0.10243    0.10261    0.17192    0.17289
   0.17456    0.20497    0.20591    0.20686    0.25909    0.25943    0.26058    0.34227
   0.34408    0.42077    0.42086    0.45913    0.53438    0.53466
 kpt#  86, nband= 30, wtk=  1.00000, kpt=  0.0179  0.0179  0.0000 (reduced coord)
  -2.10115   -1.15183   -1.15183   -1.15183   -0.96579   -0.42973   -0.38511   -0.38508
  -0.30595   -0.30592   -0.30582    0.10236    0.10260    0.10265    0.17387    0.17412
   0.17454    0.20711    0.20727    0.20778    0.25806    0.25814    0.25846    0.34157
   0.34203    0.41947    0.41949    0.45737    0.53403    0.53409
 kpt#  87, nband= 30, wtk=  1.00000, kpt=  0.0000  0.0000  0.0000 (reduced coord)
  -2.10115   -1.15183   -1.15183   -1.15183   -0.96580   -0.42975   -0.38507   -0.38507
  -0.30598   -0.30598   -0.30598    0.10266    0.10266    0.10266    0.17454    0.17454
   0.17454    0.20697    0.20697    0.20697    0.25770    0.25770    0.25770    0.34133
   0.34133    0.41903    0.41903    0.45677    0.53389    0.53389
