#Wannier band structure for the atom 1
 #ikpt = 1
 1               -0.1762405               -0.0756283               -0.0756283   
              2.3103821                2.3103821
 #ikpt = 2
 2               -0.0384564                0.9892058                1.0093752   
              2.2973224                3.9604961
 #ikpt = 3
 3               -0.0384564                0.9892058                1.0093752   
              2.2973224                3.9604961
 #ikpt = 4
 4               -0.1762405               -0.0756283               -0.0756283   
              2.3103821                2.3103821
 #ikpt = 5
 5               -0.0384564                0.9892058                1.0093751   
              2.2973224                3.9604960
 #ikpt = 6
 6                1.0173597                1.0751076                1.3441893   
              3.0236473                5.1938937
 #ikpt = 7
 7                1.0173597                1.0751076                1.3441893   
              3.0236473                5.1938937
 #ikpt = 8
 8               -0.0384564                0.9892058                1.0093751   
              2.2973224                3.9604960
 #ikpt = 9
 9               -0.0384564                0.9892058                1.0093751   
              2.2973224                3.9604960
 #ikpt = 10
 10                1.0173597                1.0751076                1.3441893  
               3.0236473                5.1938937
 #ikpt = 11
 11                1.0173597                1.0751076                1.3441893  
               3.0236473                5.1938937
 #ikpt = 12
 12               -0.0384564                0.9892058                1.0093751  
               2.2973224                3.9604960
 #ikpt = 13
 13               -0.1762405               -0.0756283               -0.0756283  
               2.3103821                2.3103821
 #ikpt = 14
 14               -0.0384564                0.9892058                1.0093752  
               2.2973224                3.9604961
 #ikpt = 15
 15               -0.0384564                0.9892058                1.0093752  
               2.2973224                3.9604961
 #ikpt = 16
 16               -0.1762405               -0.0756283               -0.0756283  
               2.3103821                2.3103821
 #ikpt = 17
 17               -0.0384564                0.9892058                1.0093751  
               2.2973224                3.9604960
 #ikpt = 18
 18                1.0173597                1.0751076                1.3441893  
               3.0236473                5.1938937
 #ikpt = 19
 19                1.0173597                1.0751076                1.3441893  
               3.0236473                5.1938937
 #ikpt = 20
 20               -0.0384564                0.9892058                1.0093751  
               2.2973224                3.9604960
 #ikpt = 21
 21                1.0173597                1.0751075                1.3441892  
               3.0236474                5.1938936
 #ikpt = 22
 22                1.4838098                1.5201790                1.5201791  
               5.1211680                5.1211681
 #ikpt = 23
 23                1.4838098                1.5201790                1.5201791  
               5.1211680                5.1211681
 #ikpt = 24
 24                1.0173597                1.0751075                1.3441892  
               3.0236474                5.1938936
 #ikpt = 25
 25                1.0173597                1.0751075                1.3441892  
               3.0236474                5.1938936
 #ikpt = 26
 26                1.4838098                1.5201790                1.5201791  
               5.1211680                5.1211681
 #ikpt = 27
 27                1.4838098                1.5201790                1.5201791  
               5.1211680                5.1211681
 #ikpt = 28
 28                1.0173597                1.0751075                1.3441892  
               3.0236474                5.1938936
 #ikpt = 29
 29               -0.0384564                0.9892058                1.0093751  
               2.2973224                3.9604960
 #ikpt = 30
 30                1.0173597                1.0751076                1.3441893  
               3.0236473                5.1938937
 #ikpt = 31
 31                1.0173597                1.0751076                1.3441893  
               3.0236473                5.1938937
 #ikpt = 32
 32               -0.0384564                0.9892058                1.0093751  
               2.2973224                3.9604960
