
 **** DERIVATIVE DATABASE ****    
+DDB, Version number  20230401

  Note : temporary (transfer) database

    usepaw         1
     natom         1
      nkpt        32
    nsppol         1
      nsym         1
    ntypat         1
    occopt         7
     nband         6
     acell  0.10000000000000D+01  0.10000000000000D+01  0.10000000000000D+01
       amu  0.19508000000000D+03
   dilatmx  0.10000000000000D+01
      ecut  0.12000000000000D+02
 pawecutdg  0.20000000000000D+02
    ecutsm  0.00000000000000D+00
     intxc         0
      iscf        17
       ixc     -1012
       kpt  0.12500000000000D+00  0.12500000000000D+00  0.12500000000000D+00
            0.37500000000000D+00  0.12500000000000D+00  0.12500000000000D+00
           -0.37500000000000D+00  0.12500000000000D+00  0.12500000000000D+00
           -0.12500000000000D+00  0.12500000000000D+00  0.12500000000000D+00
            0.12500000000000D+00  0.37500000000000D+00  0.12500000000000D+00
            0.37500000000000D+00  0.37500000000000D+00  0.12500000000000D+00
           -0.37500000000000D+00  0.37500000000000D+00  0.12500000000000D+00
           -0.12500000000000D+00  0.37500000000000D+00  0.12500000000000D+00
            0.12500000000000D+00 -0.37500000000000D+00  0.12500000000000D+00
            0.37500000000000D+00 -0.37500000000000D+00  0.12500000000000D+00
           -0.37500000000000D+00 -0.37500000000000D+00  0.12500000000000D+00
           -0.12500000000000D+00 -0.37500000000000D+00  0.12500000000000D+00
            0.12500000000000D+00 -0.12500000000000D+00  0.12500000000000D+00
            0.37500000000000D+00 -0.12500000000000D+00  0.12500000000000D+00
           -0.37500000000000D+00 -0.12500000000000D+00  0.12500000000000D+00
           -0.12500000000000D+00 -0.12500000000000D+00  0.12500000000000D+00
            0.12500000000000D+00  0.12500000000000D+00  0.37500000000000D+00
            0.37500000000000D+00  0.12500000000000D+00  0.37500000000000D+00
           -0.37500000000000D+00  0.12500000000000D+00  0.37500000000000D+00
           -0.12500000000000D+00  0.12500000000000D+00  0.37500000000000D+00
            0.12500000000000D+00  0.37500000000000D+00  0.37500000000000D+00
            0.37500000000000D+00  0.37500000000000D+00  0.37500000000000D+00
           -0.37500000000000D+00  0.37500000000000D+00  0.37500000000000D+00
           -0.12500000000000D+00  0.37500000000000D+00  0.37500000000000D+00
            0.12500000000000D+00 -0.37500000000000D+00  0.37500000000000D+00
            0.37500000000000D+00 -0.37500000000000D+00  0.37500000000000D+00
           -0.37500000000000D+00 -0.37500000000000D+00  0.37500000000000D+00
           -0.12500000000000D+00 -0.37500000000000D+00  0.37500000000000D+00
            0.12500000000000D+00 -0.12500000000000D+00  0.37500000000000D+00
            0.37500000000000D+00 -0.12500000000000D+00  0.37500000000000D+00
           -0.37500000000000D+00 -0.12500000000000D+00  0.37500000000000D+00
           -0.12500000000000D+00 -0.12500000000000D+00  0.37500000000000D+00
    kptnrm  0.10000000000000D+01
     ngfft        18   18   60
    nspden         1
   nspinor         1
       occ  0.20000000000000D+01  0.20000000000000D+01  0.19999999919712D+01
            0.19996932065536D+01  0.18569566706472D+01  0.16363439048904D+01
     rprim  0.52723359107509D+01  0.00000000000000D+00  0.00000000000000D+00
            0.00000000000000D+00  0.52723359107509D+01  0.00000000000000D+00
            0.00000000000000D+00  0.00000000000000D+00  0.18897261328856D+02
  dfpt_sciss  0.00000000000000D+00
    spinat  0.00000000000000D+00  0.00000000000000D+00  0.00000000000000D+00
    symafm         1
    symrel         1    0    0    0    1    0    0    0    1
     tnons  0.00000000000000D+00  0.00000000000000D+00  0.00000000000000D+00
    tolwfr  0.10000000000000D+01
   tphysel  0.00000000000000D+00
    tsmear  0.95004462591856D-02
     typat         1
       wtk  0.31250000000000D-01  0.31250000000000D-01  0.31250000000000D-01
            0.31250000000000D-01  0.31250000000000D-01  0.31250000000000D-01
            0.31250000000000D-01  0.31250000000000D-01  0.31250000000000D-01
            0.31250000000000D-01  0.31250000000000D-01  0.31250000000000D-01
            0.31250000000000D-01  0.31250000000000D-01  0.31250000000000D-01
            0.31250000000000D-01  0.31250000000000D-01  0.31250000000000D-01
            0.31250000000000D-01  0.31250000000000D-01  0.31250000000000D-01
            0.31250000000000D-01  0.31250000000000D-01  0.31250000000000D-01
            0.31250000000000D-01  0.31250000000000D-01  0.31250000000000D-01
            0.31250000000000D-01  0.31250000000000D-01  0.31250000000000D-01
            0.31250000000000D-01  0.31250000000000D-01
      xred  0.00000000000000D+00  0.00000000000000D+00  0.00000000000000D+00
     znucl  0.78000000000000D+02
      zion  0.10000000000000D+02
 
 No information on the potentials yet 
 
 **** Database of total energy derivatives ****
 Number of data blocks=    2
  
 1st derivatives              - # elements :           9
     1     1 -0.24090575374722D-09  0.00000000000000D+00
     2     1  0.62240304104810D-11  0.00000000000000D+00
     3     1 -0.79527496845782D-08  0.00000000000000D+00
     1     4  0.32233818805292D-03  0.00000000000000D+00
     2     4  0.32233817557365D-03  0.00000000000000D+00
     3     4  0.12231317578725D-04  0.00000000000000D+00
     1     5  0.28386305811273D-12  0.00000000000000D+00
     2     5  0.19904327833579D-13  0.00000000000000D+00
     3     5 -0.14963981653205D-11  0.00000000000000D+00
  
 Total energy                 - # elements :           1
 -0.27078202073997D+02  0.00000000000000D+00
