 Fermi (or HOMO) energy (hartree) =   0.33073   Average Vxc (hartree)=  -0.45976
 Eigenvalues (hartree) for nkpt=  32  k points:
 kpt#   1, nband= 30, wtk=  0.03125, kpt=  0.1250  0.1250  0.1250 (reduced coord)
  -0.01883    0.09018    0.09018    0.09018    0.10728    0.10728    0.10728    0.18649
   0.20298    0.20298    0.26963    0.26963    0.27496    0.27496    0.27496    0.30771
   0.30771    0.30771    0.34185    0.34185    0.34185    0.43396    0.43396    0.43396
   0.65135    0.65135    0.65135    0.76172    0.76172    0.76172
 kpt#   2, nband= 30, wtk=  0.03125, kpt=  0.3750  0.1250  0.1250 (reduced coord)
   0.03336    0.09293    0.12125    0.12125    0.12942    0.14183    0.14183    0.16240
   0.19762    0.19762    0.21093    0.21352    0.22359    0.25709    0.26378    0.27243
   0.27243    0.29275    0.32102    0.32424    0.33345    0.33345    0.52360    0.52360
   0.58760    0.58760    0.74020    0.74020    0.78521    0.82581
 kpt#   3, nband= 30, wtk=  0.03125, kpt= -0.3750  0.1250  0.1250 (reduced coord)
   0.03336    0.09293    0.12125    0.12125    0.12942    0.14183    0.14183    0.16240
   0.19762    0.19762    0.21093    0.21352    0.22359    0.25709    0.26378    0.27243
   0.27243    0.29275    0.32102    0.32424    0.33345    0.33345    0.52360    0.52360
   0.58760    0.58760    0.74020    0.74020    0.78521    0.82581
 kpt#   4, nband= 30, wtk=  0.03125, kpt= -0.1250  0.1250  0.1250 (reduced coord)
  -0.01883    0.09018    0.09018    0.09018    0.10728    0.10728    0.10728    0.18649
   0.20298    0.20298    0.26963    0.26963    0.27496    0.27496    0.27496    0.30771
   0.30771    0.30771    0.34185    0.34185    0.34185    0.43396    0.43396    0.43396
   0.65135    0.65135    0.65135    0.76172    0.76172    0.76172
 kpt#   5, nband= 30, wtk=  0.03125, kpt=  0.1250  0.3750  0.1250 (reduced coord)
   0.03336    0.09293    0.12125    0.12125    0.12942    0.14183    0.14183    0.16240
   0.19762    0.19762    0.21093    0.21352    0.22359    0.25709    0.26378    0.27243
   0.27243    0.29275    0.32102    0.32424    0.33345    0.33345    0.52360    0.52360
   0.58760    0.58760    0.74020    0.74020    0.78521    0.82581
 kpt#   6, nband= 30, wtk=  0.03125, kpt=  0.3750  0.3750  0.1250 (reduced coord)
   0.06837    0.11217    0.11217    0.11928    0.16136    0.16618    0.16618    0.17355
   0.17594    0.17594    0.19911    0.20156    0.21957    0.24385    0.24467    0.24467
   0.26451    0.30489    0.30489    0.31021    0.33018    0.40026    0.40026    0.47032
   0.59203    0.66852    0.66852    0.77507    0.78415    0.85935
 kpt#   7, nband= 30, wtk=  0.03125, kpt= -0.3750  0.3750  0.1250 (reduced coord)
   0.06837    0.11217    0.11217    0.11928    0.16136    0.16618    0.16618    0.17355
   0.17594    0.17594    0.19911    0.20156    0.21957    0.24385    0.24467    0.24467
   0.26451    0.30489    0.30489    0.31021    0.33018    0.40026    0.40026    0.47032
   0.59203    0.66852    0.66852    0.77507    0.78415    0.85935
 kpt#   8, nband= 30, wtk=  0.03125, kpt= -0.1250  0.3750  0.1250 (reduced coord)
   0.03336    0.09293    0.12125    0.12125    0.12942    0.14183    0.14183    0.16240
   0.19762    0.19762    0.21093    0.21352    0.22359    0.25709    0.26378    0.27243
   0.27243    0.29275    0.32102    0.32424    0.33345    0.33345    0.52360    0.52360
   0.58760    0.58760    0.74020    0.74020    0.78521    0.82581
 kpt#   9, nband= 30, wtk=  0.03125, kpt=  0.1250 -0.3750  0.1250 (reduced coord)
   0.03336    0.09293    0.12125    0.12125    0.12942    0.14183    0.14183    0.16240
   0.19762    0.19762    0.21093    0.21352    0.22359    0.25709    0.26378    0.27243
   0.27243    0.29275    0.32102    0.32424    0.33345    0.33345    0.52360    0.52360
   0.58760    0.58760    0.74020    0.74020    0.78521    0.82581
 kpt#  10, nband= 30, wtk=  0.03125, kpt=  0.3750 -0.3750  0.1250 (reduced coord)
   0.06837    0.11217    0.11217    0.11928    0.16136    0.16618    0.16618    0.17355
   0.17594    0.17594    0.19911    0.20156    0.21957    0.24385    0.24467    0.24467
   0.26451    0.30489    0.30489    0.31021    0.33018    0.40026    0.40026    0.47032
   0.59203    0.66852    0.66852    0.77507    0.78415    0.85935
 kpt#  11, nband= 30, wtk=  0.03125, kpt= -0.3750 -0.3750  0.1250 (reduced coord)
   0.06837    0.11217    0.11217    0.11928    0.16136    0.16618    0.16618    0.17355
   0.17594    0.17594    0.19911    0.20156    0.21957    0.24385    0.24467    0.24467
   0.26451    0.30489    0.30489    0.31021    0.33018    0.40026    0.40026    0.47032
   0.59203    0.66852    0.66852    0.77507    0.78415    0.85935
 kpt#  12, nband= 30, wtk=  0.03125, kpt= -0.1250 -0.3750  0.1250 (reduced coord)
   0.03336    0.09293    0.12125    0.12125    0.12942    0.14183    0.14183    0.16240
   0.19762    0.19762    0.21093    0.21352    0.22359    0.25709    0.26378    0.27243
   0.27243    0.29275    0.32102    0.32424    0.33345    0.33345    0.52360    0.52360
   0.58760    0.58760    0.74020    0.74020    0.78521    0.82581
 kpt#  13, nband= 30, wtk=  0.03125, kpt=  0.1250 -0.1250  0.1250 (reduced coord)
  -0.01883    0.09018    0.09018    0.09018    0.10728    0.10728    0.10728    0.18649
   0.20298    0.20298    0.26963    0.26963    0.27496    0.27496    0.27496    0.30771
   0.30771    0.30771    0.34185    0.34185    0.34185    0.43396    0.43396    0.43396
   0.65135    0.65135    0.65135    0.76172    0.76172    0.76172
 kpt#  14, nband= 30, wtk=  0.03125, kpt=  0.3750 -0.1250  0.1250 (reduced coord)
   0.03336    0.09293    0.12125    0.12125    0.12942    0.14183    0.14183    0.16240
   0.19762    0.19762    0.21093    0.21352    0.22359    0.25709    0.26378    0.27243
   0.27243    0.29275    0.32102    0.32424    0.33345    0.33345    0.52360    0.52360
   0.58760    0.58760    0.74020    0.74020    0.78521    0.82581
 kpt#  15, nband= 30, wtk=  0.03125, kpt= -0.3750 -0.1250  0.1250 (reduced coord)
   0.03336    0.09293    0.12125    0.12125    0.12942    0.14183    0.14183    0.16240
   0.19762    0.19762    0.21093    0.21352    0.22359    0.25709    0.26378    0.27243
   0.27243    0.29275    0.32102    0.32424    0.33345    0.33345    0.52360    0.52360
   0.58760    0.58760    0.74020    0.74020    0.78521    0.82581
 kpt#  16, nband= 30, wtk=  0.03125, kpt= -0.1250 -0.1250  0.1250 (reduced coord)
  -0.01883    0.09018    0.09018    0.09018    0.10728    0.10728    0.10728    0.18649
   0.20298    0.20298    0.26963    0.26963    0.27496    0.27496    0.27496    0.30771
   0.30771    0.30771    0.34185    0.34185    0.34185    0.43396    0.43396    0.43396
   0.65135    0.65135    0.65135    0.76172    0.76172    0.76172
 kpt#  17, nband= 30, wtk=  0.03125, kpt=  0.1250  0.1250  0.3750 (reduced coord)
   0.03336    0.09293    0.12125    0.12125    0.12942    0.14183    0.14183    0.16240
   0.19762    0.19762    0.21093    0.21352    0.22359    0.25709    0.26378    0.27243
   0.27243    0.29275    0.32102    0.32424    0.33345    0.33345    0.52360    0.52360
   0.58760    0.58760    0.74020    0.74020    0.78521    0.82581
 kpt#  18, nband= 30, wtk=  0.03125, kpt=  0.3750  0.1250  0.3750 (reduced coord)
   0.06837    0.11217    0.11217    0.11928    0.16136    0.16618    0.16618    0.17355
   0.17594    0.17594    0.19911    0.20156    0.21957    0.24385    0.24467    0.24467
   0.26451    0.30489    0.30489    0.31021    0.33018    0.40026    0.40026    0.47032
   0.59203    0.66852    0.66852    0.77507    0.78415    0.85935
 kpt#  19, nband= 30, wtk=  0.03125, kpt= -0.3750  0.1250  0.3750 (reduced coord)
   0.06837    0.11217    0.11217    0.11928    0.16136    0.16618    0.16618    0.17355
   0.17594    0.17594    0.19911    0.20156    0.21957    0.24385    0.24467    0.24467
   0.26451    0.30489    0.30489    0.31021    0.33018    0.40026    0.40026    0.47032
   0.59203    0.66852    0.66852    0.77507    0.78415    0.85935
 kpt#  20, nband= 30, wtk=  0.03125, kpt= -0.1250  0.1250  0.3750 (reduced coord)
   0.03336    0.09293    0.12125    0.12125    0.12942    0.14183    0.14183    0.16240
   0.19762    0.19762    0.21093    0.21352    0.22359    0.25709    0.26378    0.27243
   0.27243    0.29275    0.32102    0.32424    0.33345    0.33345    0.52360    0.52360
   0.58760    0.58760    0.74020    0.74020    0.78521    0.82581
 kpt#  21, nband= 30, wtk=  0.03125, kpt=  0.1250  0.3750  0.3750 (reduced coord)
   0.06837    0.11217    0.11217    0.11928    0.16136    0.16618    0.16618    0.17355
   0.17594    0.17594    0.19911    0.20156    0.21957    0.24385    0.24467    0.24467
   0.26451    0.30489    0.30489    0.31021    0.33018    0.40026    0.40026    0.47032
   0.59203    0.66852    0.66852    0.77507    0.78415    0.85935
 kpt#  22, nband= 30, wtk=  0.03125, kpt=  0.3750  0.3750  0.3750 (reduced coord)
   0.06474    0.08408    0.08408    0.08408    0.18043    0.18043    0.18043    0.19891
   0.19891    0.20918    0.20918    0.20918    0.23921    0.23921    0.23921    0.24103
   0.31374    0.31374    0.33403    0.33403    0.33403    0.40230    0.40230    0.40230
   0.55218    0.55218    0.55218    0.65014    0.90231    0.90374
 kpt#  23, nband= 30, wtk=  0.03125, kpt= -0.3750  0.3750  0.3750 (reduced coord)
   0.06474    0.08408    0.08408    0.08408    0.18043    0.18043    0.18043    0.19891
   0.19891    0.20918    0.20918    0.20918    0.23921    0.23921    0.23921    0.24103
   0.31374    0.31374    0.33403    0.33403    0.33403    0.40230    0.40230    0.40230
   0.55218    0.55218    0.55218    0.65014    0.90282    0.90374
 kpt#  24, nband= 30, wtk=  0.03125, kpt= -0.1250  0.3750  0.3750 (reduced coord)
   0.06837    0.11217    0.11217    0.11928    0.16136    0.16618    0.16618    0.17355
   0.17594    0.17594    0.19911    0.20156    0.21957    0.24385    0.24467    0.24467
   0.26451    0.30489    0.30489    0.31021    0.33018    0.40026    0.40026    0.47032
   0.59203    0.66852    0.66852    0.77507    0.78415    0.85935
 kpt#  25, nband= 30, wtk=  0.03125, kpt=  0.1250 -0.3750  0.3750 (reduced coord)
   0.06837    0.11217    0.11217    0.11928    0.16136    0.16618    0.16618    0.17355
   0.17594    0.17594    0.19911    0.20156    0.21957    0.24385    0.24467    0.24467
   0.26451    0.30489    0.30489    0.31021    0.33018    0.40026    0.40026    0.47032
   0.59203    0.66852    0.66852    0.77507    0.78415    0.85935
 kpt#  26, nband= 30, wtk=  0.03125, kpt=  0.3750 -0.3750  0.3750 (reduced coord)
   0.06474    0.08408    0.08408    0.08408    0.18043    0.18043    0.18043    0.19891
   0.19891    0.20918    0.20918    0.20918    0.23921    0.23921    0.23921    0.24103
   0.31374    0.31374    0.33403    0.33403    0.33403    0.40230    0.40230    0.40230
   0.55218    0.55218    0.55218    0.65014    0.90236    0.90374
 kpt#  27, nband= 30, wtk=  0.03125, kpt= -0.3750 -0.3750  0.3750 (reduced coord)
   0.06474    0.08408    0.08408    0.08408    0.18043    0.18043    0.18043    0.19891
   0.19891    0.20918    0.20918    0.20918    0.23921    0.23921    0.23921    0.24103
   0.31374    0.31374    0.33403    0.33403    0.33403    0.40230    0.40230    0.40230
   0.55218    0.55218    0.55218    0.65014    0.90230    0.90374
 kpt#  28, nband= 30, wtk=  0.03125, kpt= -0.1250 -0.3750  0.3750 (reduced coord)
   0.06837    0.11217    0.11217    0.11928    0.16136    0.16618    0.16618    0.17355
   0.17594    0.17594    0.19911    0.20156    0.21957    0.24385    0.24467    0.24467
   0.26451    0.30489    0.30489    0.31021    0.33018    0.40026    0.40026    0.47032
   0.59203    0.66852    0.66852    0.77507    0.78415    0.85935
 kpt#  29, nband= 30, wtk=  0.03125, kpt=  0.1250 -0.1250  0.3750 (reduced coord)
   0.03336    0.09293    0.12125    0.12125    0.12942    0.14183    0.14183    0.16240
   0.19762    0.19762    0.21093    0.21352    0.22359    0.25709    0.26378    0.27243
   0.27243    0.29275    0.32102    0.32424    0.33345    0.33345    0.52360    0.52360
   0.58760    0.58760    0.74020    0.74020    0.78521    0.82581
 kpt#  30, nband= 30, wtk=  0.03125, kpt=  0.3750 -0.1250  0.3750 (reduced coord)
   0.06837    0.11217    0.11217    0.11928    0.16136    0.16618    0.16618    0.17355
   0.17594    0.17594    0.19911    0.20156    0.21957    0.24385    0.24467    0.24467
   0.26451    0.30489    0.30489    0.31021    0.33018    0.40026    0.40026    0.47032
   0.59203    0.66852    0.66852    0.77507    0.78415    0.85935
 kpt#  31, nband= 30, wtk=  0.03125, kpt= -0.3750 -0.1250  0.3750 (reduced coord)
   0.06837    0.11217    0.11217    0.11928    0.16136    0.16618    0.16618    0.17355
   0.17594    0.17594    0.19911    0.20156    0.21957    0.24385    0.24467    0.24467
   0.26451    0.30489    0.30489    0.31021    0.33018    0.40026    0.40026    0.47032
   0.59203    0.66852    0.66852    0.77507    0.78415    0.85935
 kpt#  32, nband= 30, wtk=  0.03125, kpt= -0.1250 -0.1250  0.3750 (reduced coord)
   0.03336    0.09293    0.12125    0.12125    0.12942    0.14183    0.14183    0.16240
   0.19762    0.19762    0.21093    0.21352    0.22359    0.25709    0.26378    0.27243
   0.27243    0.29275    0.32102    0.32424    0.33345    0.33345    0.52360    0.52360
   0.58760    0.58760    0.74020    0.74020    0.78521    0.82581
